,STATION,DATE,AWND,PRCP,SNOW,TAVG,TMAX,TMIN,WT01,WT02,WT03,WT04,WT05,WT06,WT08,WT09
0,USW00093738,2015-01-01,6.93,0.0,0.0,28,42,18,0.0,0.0,0.0,0.0,0.0,0.0,0.0,0.0
1,USW00093738,2015-01-02,0.45,0.0,0.0,32,44,23,0.0,0.0,0.0,0.0,0.0,0.0,0.0,0.0
2,USW00093738,2015-01-03,2.01,0.56,0.0,33,38,24,1.0,0.0,0.0,1.0,0.0,1.0,0.0,0.0
3,USW00093738,2015-01-04,12.75,0.28,0.0,46,60,38,1.0,1.0,0.0,0.0,0.0,0.0,0.0,0.0
4,USW00093738,2015-01-05,16.11,0.0,0.0,40,46,24,0.0,0.0,0.0,0.0,0.0,0.0,0.0,0.0
5,USW00093738,2015-01-06,3.58,0.28,4.2,24,28,12,1.0,1.0,0.0,0.0,0.0,0.0,0.0,0.0
6,USW00093738,2015-01-07,13.42,0.0,0.0,18,22,9,0.0,0.0,0.0,0.0,0.0,0.0,1.0,0.0
7,USW00093738,2015-01-08,9.4,0.0,0.0,11,21,3,0.0,0.0,0.0,0.0,0.0,0.0,0.0,0.0
8,USW00093738,2015-01-09,10.74,0.0,0.0,26,36,21,0.0,0.0,0.0,0.0,0.0,0.0,0.0,0.0
9,USW00093738,2015-01-10,5.14,0.0,0.0,20,25,8,0.0,0.0,0.0,0.0,0.0,0.0,0.0,0.0
10,USW00093738,2015-01-11,3.13,0.0,0.0,19,39,7,0.0,0.0,0.0,0.0,0.0,0.0,0.0,0.0
11,USW00093738,2015-01-12,4.47,0.62,0.0,34,38,32,1.0,0.0,0.0,0.0,0.0,0.0,0.0,0.0
12,USW00093738,2015-01-13,11.41,0.0,0.0,33,38,22,0.0,0.0,0.0,0.0,0.0,0.0,0.0,0.0
13,USW00093738,2015-01-14,6.49,0.0,0.0,24,28,21,1.0,0.0,0.0,0.0,0.0,0.0,1.0,0.0
14,USW00093738,2015-01-15,2.68,0.0,0.0,30,36,22,1.0,0.0,0.0,0.0,0.0,0.0,0.0,0.0
15,USW00093738,2015-01-16,8.72,0.0,0.0,29,42,19,1.0,0.0,0.0,0.0,0.0,0.0,0.0,0.0
16,USW00093738,2015-01-17,6.93,0.0,0.0,30,37,20,0.0,0.0,0.0,0.0,0.0,0.0,0.0,0.0
17,USW00093738,2015-01-18,5.14,0.0,0.0,35,43,30,1.0,0.0,0.0,0.0,0.0,0.0,0.0,0.0
18,USW00093738,2015-01-19,6.26,0.0,0.0,39,46,25,0.0,0.0,0.0,0.0,0.0,0.0,0.0,0.0
19,USW00093738,2015-01-20,1.34,0.0,0.0,32,46,21,0.0,0.0,0.0,0.0,0.0,0.0,0.0,0.0
20,USW00093738,2015-01-21,1.57,0.16,2.2,30,33,25,1.0,1.0,0.0,0.0,0.0,0.0,0.0,0.0
21,USW00093738,2015-01-22,7.83,0.01,0.0,35,44,30,1.0,1.0,0.0,0.0,0.0,0.0,1.0,0.0
22,USW00093738,2015-01-23,4.7,0.68,0.3,33,40,23,1.0,0.0,0.0,1.0,0.0,0.0,0.0,0.0
23,USW00093738,2015-01-24,9.17,0.37,0.0,35,42,32,1.0,0.0,0.0,0.0,0.0,0.0,0.0,0.0
24,USW00093738,2015-01-25,4.25,0.0,0.0,39,47,33,0.0,0.0,0.0,0.0,0.0,0.0,0.0,0.0
25,USW00093738,2015-01-26,10.29,0.23,1.7,37,43,26,1.0,0.0,0.0,0.0,0.0,0.0,0.0,0.0
26,USW00093738,2015-01-27,15.66,0.02,0.2,28,32,26,1.0,0.0,0.0,0.0,0.0,0.0,1.0,0.0
27,USW00093738,2015-01-28,11.86,0.0,0.0,27,35,18,0.0,0.0,0.0,0.0,0.0,0.0,0.0,0.0
28,USW00093738,2015-01-29,5.37,0.05,0.1,24,36,14,0.0,0.0,0.0,1.0,0.0,0.0,0.0,0.0
29,USW00093738,2015-01-30,18.34,0.0,0.0,35,39,19,0.0,0.0,0.0,0.0,0.0,0.0,0.0,0.0
30,USW00093738,2015-01-31,9.4,0.0,0.0,23,34,16,0.0,0.0,0.0,0.0,0.0,0.0,0.0,0.0
31,USW00093738,2015-02-01,4.92,0.05,0.0,28,41,18,0.0,0.0,0.0,1.0,0.0,0.0,0.0,0.0
32,USW00093738,2015-02-02,13.87,0.15,0.0,37,47,23,1.0,0.0,0.0,0.0,0.0,0.0,0.0,0.0
33,USW00093738,2015-02-03,7.61,0.0,0.0,26,36,21,0.0,0.0,0.0,0.0,0.0,0.0,0.0,0.0
34,USW00093738,2015-02-04,6.93,0.0,0.0,34,54,21,0.0,0.0,0.0,0.0,0.0,0.0,0.0,0.0
35,USW00093738,2015-02-05,16.55,0.0,0.0,35,41,17,0.0,0.0,0.0,0.0,0.0,0.0,0.0,0.0
36,USW00093738,2015-02-06,5.82,0.0,0.0,21,36,9,0.0,0.0,0.0,0.0,0.0,0.0,0.0,0.0
37,USW00093738,2015-02-07,2.46,0.0,0.0,31,47,17,0.0,0.0,0.0,0.0,0.0,0.0,0.0,0.0
38,USW00093738,2015-02-08,3.8,0.0,0.0,38,60,27,0.0,0.0,0.0,0.0,0.0,0.0,0.0,0.0
39,USW00093738,2015-02-09,7.38,0.11,0.0,38,39,32,1.0,0.0,0.0,0.0,0.0,0.0,1.0,0.0
40,USW00093738,2015-02-10,12.3,0.0,0.0,33,38,29,0.0,0.0,0.0,1.0,0.0,1.0,0.0,0.0
41,USW00093738,2015-02-11,5.14,0.0,0.0,33,45,25,0.0,0.0,0.0,0.0,0.0,0.0,0.0,0.0
42,USW00093738,2015-02-12,13.87,0.0,0.0,35,40,17,1.0,0.0,0.0,0.0,0.0,0.0,1.0,0.0
43,USW00093738,2015-02-13,10.51,0.0,0.0,19,27,11,0.0,0.0,0.0,0.0,0.0,0.0,0.0,0.0
44,USW00093738,2015-02-14,12.53,0.03,0.7,26,42,13,1.0,1.0,0.0,0.0,0.0,0.0,1.0,0.0
45,USW00093738,2015-02-15,26.62,0.0,0.0,14,18,6,0.0,0.0,0.0,0.0,0.0,0.0,1.0,1.0
46,USW00093738,2015-02-16,6.71,0.27,2.5,10,16,6,1.0,0.0,0.0,0.0,0.0,0.0,1.0,0.0
47,USW00093738,2015-02-17,3.58,0.12,1.4,17,28,7,1.0,0.0,0.0,0.0,0.0,0.0,1.0,0.0
48,USW00093738,2015-02-18,8.95,0.0,0.4,17,33,2,1.0,0.0,0.0,0.0,0.0,0.0,1.0,0.0
49,USW00093738,2015-02-19,17.67,0.0,0.1,14,15,6,0.0,0.0,0.0,0.0,0.0,0.0,1.0,1.0
50,USW00093738,2015-02-20,8.95,0.0,0.0,9,19,0,0.0,0.0,0.0,0.0,0.0,0.0,0.0,0.0
51,USW00093738,2015-02-21,8.5,0.93,8.9,16,33,9,1.0,1.0,0.0,1.0,0.0,1.0,1.0,0.0
52,USW00093738,2015-02-22,2.91,0.0,0.0,36,46,32,1.0,0.0,0.0,0.0,0.0,0.0,0.0,0.0
53,USW00093738,2015-02-23,12.53,0.0,0.0,31,38,11,0.0,0.0,0.0,0.0,0.0,0.0,0.0,0.0
54,USW00093738,2015-02-24,5.37,0.0,0.0,15,27,-4,0.0,0.0,0.0,0.0,0.0,0.0,0.0,0.0
55,USW00093738,2015-02-25,3.8,0.0,0.0,23,38,6,0.0,0.0,0.0,0.0,0.0,0.0,0.0,0.0
56,USW00093738,2015-02-26,4.47,0.1,2.1,32,34,28,1.0,0.0,0.0,0.0,0.0,0.0,1.0,0.0
57,USW00093738,2015-02-27,8.72,0.0,0.0,28,31,20,0.0,0.0,0.0,0.0,0.0,0.0,0.0,0.0
58,USW00093738,2015-02-28,3.8,0.0,0.0,22,30,12,0.0,0.0,0.0,0.0,0.0,0.0,0.0,0.0
59,USW00093738,2015-03-01,4.47,0.31,0.1,24,31,19,1.0,0.0,0.0,1.0,0.0,1.0,0.0,0.0
60,USW00093738,2015-03-02,10.07,0.0,0.0,35,41,27,1.0,1.0,0.0,0.0,0.0,0.0,0.0,0.0
61,USW00093738,2015-03-03,8.72,0.0,0.0,30,37,25,1.0,0.0,0.0,0.0,0.0,1.0,0.0,0.0
62,USW00093738,2015-03-04,4.92,0.33,0.0,39,46,36,1.0,0.0,0.0,0.0,0.0,0.0,0.0,0.0
63,USW00093738,2015-03-05,12.3,0.88,9.5,33,41,18,1.0,1.0,0.0,1.0,0.0,0.0,1.0,0.0
64,USW00093738,2015-03-06,4.92,0.0,0.0,18,27,6,0.0,0.0,0.0,0.0,0.0,0.0,0.0,0.0
65,USW00093738,2015-03-07,6.93,0.0,0.0,20,47,2,0.0,0.0,0.0,0.0,0.0,0.0,0.0,0.0
66,USW00093738,2015-03-08,3.13,0.0,0.0,41,55,25,0.0,0.0,0.0,0.0,0.0,0.0,0.0,0.0
67,USW00093738,2015-03-09,0.67,0.0,0.0,42,61,30,0.0,0.0,0.0,0.0,0.0,0.0,1.0,0.0
68,USW00093738,2015-03-10,1.34,0.53,0.0,39,45,30,1.0,1.0,0.0,0.0,0.0,0.0,0.0,0.0
69,USW00093738,2015-03-11,4.7,0.0,0.0,49,62,41,1.0,1.0,0.0,0.0,0.0,0.0,0.0,0.0
70,USW00093738,2015-03-12,8.05,0.0,0.0,48,56,31,0.0,0.0,0.0,0.0,0.0,0.0,0.0,0.0
71,USW00093738,2015-03-13,5.59,0.0,0.0,40,51,26,0.0,0.0,0.0,0.0,0.0,0.0,0.0,0.0
72,USW00093738,2015-03-14,7.61,0.55,0.0,47,57,41,1.0,0.0,0.0,0.0,0.0,0.0,0.0,0.0
73,USW00093738,2015-03-15,14.54,0.0,0.0,49,55,35,0.0,0.0,0.0,0.0,0.0,0.0,0.0,0.0
74,USW00093738,2015-03-16,3.13,0.0,0.0,45,69,29,1.0,0.0,0.0,0.0,0.0,0.0,0.0,0.0
75,USW00093738,2015-03-17,14.32,0.0,0.0,55,69,36,0.0,0.0,0.0,0.0,0.0,0.0,0.0,0.0
76,USW00093738,2015-03-18,10.51,0.0,0.0,39,49,25,0.0,0.0,0.0,0.0,0.0,0.0,0.0,0.0
77,USW00093738,2015-03-19,2.91,0.0,0.0,40,51,30,0.0,0.0,0.0,0.0,0.0,0.0,0.0,0.0
78,USW00093738,2015-03-20,5.37,0.54,0.9,37,43,33,1.0,0.0,0.0,0.0,0.0,0.0,0.0,0.0
79,USW00093738,2015-03-21,4.92,0.0,0.0,41,61,29,1.0,0.0,0.0,0.0,0.0,0.0,0.0,0.0
80,USW00093738,2015-03-22,10.07,0.0,0.0,48,54,39,0.0,0.0,0.0,0.0,0.0,0.0,0.0,0.0
81,USW00093738,2015-03-23,6.49,0.0,0.0,40,47,32,0.0,0.0,0.0,0.0,0.0,0.0,0.0,0.0
82,USW00093738,2015-03-24,4.03,0.0,0.0,40,47,29,0.0,0.0,0.0,0.0,0.0,0.0,0.0,0.0
83,USW00093738,2015-03-25,4.7,0.02,0.0,37,51,25,0.0,0.0,0.0,0.0,0.0,0.0,0.0,0.0
84,USW00093738,2015-03-26,12.3,0.12,0.0,57,74,45,1.0,0.0,0.0,0.0,0.0,0.0,1.0,0.0
85,USW00093738,2015-03-27,9.84,0.63,0.0,47,49,37,1.0,0.0,0.0,0.0,0.0,0.0,0.0,0.0
86,USW00093738,2015-03-28,16.78,0.0,0.0,34,37,27,0.0,0.0,0.0,0.0,0.0,0.0,0.0,0.0
87,USW00093738,2015-03-29,7.61,0.0,0.0,32,46,21,0.0,0.0,0.0,1.0,0.0,0.0,0.0,0.0
88,USW00093738,2015-03-30,10.74,0.0,0.0,48,62,41,0.0,0.0,0.0,1.0,0.0,0.0,0.0,0.0
89,USW00093738,2015-03-31,13.42,0.01,0.0,52,68,34,0.0,0.0,0.0,0.0,0.0,0.0,0.0,0.0
90,USW00093738,2015-04-01,6.49,0.0,0.0,46,58,31,0.0,0.0,0.0,0.0,0.0,0.0,0.0,0.0
91,USW00093738,2015-04-02,14.32,0.0,0.0,51,72,33,0.0,0.0,0.0,0.0,0.0,0.0,0.0,0.0
92,USW00093738,2015-04-03,12.3,0.22,0.0,64,70,59,1.0,0.0,0.0,0.0,0.0,0.0,0.0,0.0
93,USW00093738,2015-04-04,18.12,0.0,0.0,57,64,34,0.0,0.0,0.0,0.0,0.0,0.0,0.0,0.0
94,USW00093738,2015-04-05,9.84,0.0,0.0,48,65,34,0.0,0.0,0.0,0.0,0.0,0.0,0.0,0.0
95,USW00093738,2015-04-06,9.62,0.0,0.0,58,76,40,0.0,0.0,0.0,0.0,0.0,0.0,0.0,0.0
96,USW00093738,2015-04-07,4.7,0.13,0.0,65,73,55,1.0,0.0,0.0,0.0,0.0,0.0,0.0,0.0
97,USW00093738,2015-04-08,7.38,0.05,0.0,51,58,43,1.0,0.0,0.0,0.0,0.0,0.0,1.0,0.0
98,USW00093738,2015-04-09,5.82,0.04,0.0,45,48,42,1.0,0.0,0.0,0.0,0.0,0.0,1.0,0.0
99,USW00093738,2015-04-10,5.82,0.02,0.0,49,67,43,1.0,0.0,0.0,0.0,0.0,0.0,1.0,0.0
100,USW00093738,2015-04-11,11.18,0.0,0.0,59,64,39,0.0,0.0,0.0,0.0,0.0,0.0,0.0,0.0
101,USW00093738,2015-04-12,4.03,0.0,0.0,52,69,32,0.0,0.0,0.0,0.0,0.0,0.0,0.0,0.0
102,USW00093738,2015-04-13,9.62,0.0,0.0,62,78,44,0.0,0.0,0.0,0.0,0.0,0.0,0.0,0.0
103,USW00093738,2015-04-14,6.93,0.5,0.0,61,66,51,1.0,0.0,0.0,0.0,0.0,0.0,0.0,0.0
104,USW00093738,2015-04-15,4.7,0.0,0.0,55,65,43,0.0,0.0,0.0,0.0,0.0,0.0,0.0,0.0
105,USW00093738,2015-04-16,7.16,0.08,0.0,56,71,43,1.0,0.0,0.0,0.0,0.0,0.0,0.0,0.0
106,USW00093738,2015-04-17,3.58,0.02,0.0,64,79,54,1.0,0.0,0.0,0.0,0.0,0.0,1.0,0.0
107,USW00093738,2015-04-18,3.36,0.0,0.0,66,80,50,0.0,0.0,0.0,0.0,0.0,0.0,0.0,0.0
108,USW00093738,2015-04-19,12.08,0.29,0.0,62,67,51,1.0,0.0,0.0,0.0,0.0,0.0,0.0,0.0
109,USW00093738,2015-04-20,9.17,0.74,0.0,63,78,53,1.0,0.0,1.0,0.0,0.0,0.0,0.0,0.0
110,USW00093738,2015-04-21,9.84,0.0,0.0,61,67,45,0.0,0.0,1.0,0.0,0.0,0.0,0.0,0.0
111,USW00093738,2015-04-22,11.41,0.0,0.0,53,70,43,0.0,0.0,0.0,0.0,0.0,0.0,0.0,0.0
112,USW00093738,2015-04-23,11.63,0.0,0.0,49,55,35,0.0,0.0,0.0,0.0,0.0,0.0,0.0,0.0
113,USW00093738,2015-04-24,12.97,0.0,0.0,48,60,38,0.0,0.0,0.0,0.0,0.0,0.0,0.0,0.0
114,USW00093738,2015-04-25,4.7,0.3,0.0,45,50,35,1.0,0.0,0.0,0.0,0.0,0.0,0.0,0.0
115,USW00093738,2015-04-26,5.82,0.0,0.0,49,63,40,1.0,0.0,0.0,0.0,0.0,0.0,0.0,0.0
116,USW00093738,2015-04-27,9.84,0.0,0.0,50,58,36,0.0,0.0,0.0,0.0,0.0,0.0,0.0,0.0
117,USW00093738,2015-04-28,10.29,0.0,0.0,55,69,44,0.0,0.0,0.0,0.0,0.0,0.0,0.0,0.0
118,USW00093738,2015-04-29,2.24,0.0,0.0,59,74,40,0.0,0.0,0.0,0.0,0.0,0.0,0.0,0.0
119,USW00093738,2015-04-30,4.25,0.07,0.0,59,72,46,1.0,0.0,1.0,0.0,0.0,0.0,0.0,0.0
120,USW00093738,2015-05-01,5.82,0.0,0.0,56,64,50,0.0,0.0,0.0,0.0,0.0,0.0,0.0,0.0
121,USW00093738,2015-05-02,4.92,0.0,0.0,60,75,49,0.0,0.0,0.0,0.0,0.0,0.0,0.0,0.0
122,USW00093738,2015-05-03,3.58,0.0,0.0,63,80,43,0.0,0.0,0.0,0.0,0.0,0.0,0.0,0.0
123,USW00093738,2015-05-04,7.61,0.0,0.0,68,84,52,0.0,0.0,0.0,0.0,0.0,0.0,0.0,0.0
124,USW00093738,2015-05-05,4.03,0.02,0.0,71,85,58,0.0,0.0,1.0,0.0,0.0,0.0,0.0,0.0
125,USW00093738,2015-05-06,4.47,0.04,0.0,69,83,56,1.0,1.0,1.0,0.0,0.0,0.0,0.0,0.0
126,USW00093738,2015-05-07,4.25,0.0,0.0,68,80,57,0.0,0.0,0.0,0.0,0.0,0.0,0.0,0.0
127,USW00093738,2015-05-08,3.36,0.0,0.0,70,83,55,1.0,0.0,0.0,0.0,0.0,0.0,0.0,0.0
128,USW00093738,2015-05-09,5.59,0.0,0.0,69,79,58,1.0,0.0,0.0,0.0,0.0,0.0,0.0,0.0
129,USW00093738,2015-05-10,5.59,0.0,0.0,72,82,64,1.0,0.0,0.0,0.0,0.0,0.0,0.0,0.0
130,USW00093738,2015-05-11,4.03,0.01,0.0,74,83,64,1.0,0.0,0.0,0.0,0.0,0.0,1.0,0.0
131,USW00093738,2015-05-12,9.4,0.0,0.0,76,87,66,0.0,0.0,0.0,0.0,0.0,0.0,0.0,0.0
132,USW00093738,2015-05-13,14.32,0.0,0.0,64,68,51,0.0,0.0,0.0,0.0,0.0,0.0,0.0,0.0
133,USW00093738,2015-05-14,5.14,0.0,0.0,57,70,46,0.0,0.0,0.0,0.0,0.0,0.0,0.0,0.0
134,USW00093738,2015-05-15,7.16,0.0,0.0,62,77,52,0.0,0.0,0.0,0.0,0.0,0.0,0.0,0.0
135,USW00093738,2015-05-16,4.92,0.7,0.0,72,87,63,1.0,0.0,1.0,0.0,0.0,0.0,0.0,0.0
136,USW00093738,2015-05-17,2.91,0.0,0.0,72,83,61,1.0,0.0,0.0,0.0,0.0,0.0,0.0,0.0
137,USW00093738,2015-05-18,3.36,0.38,0.0,77,89,68,1.0,0.0,1.0,0.0,0.0,0.0,0.0,0.0
138,USW00093738,2015-05-19,6.71,0.0,0.0,76,87,66,1.0,1.0,0.0,0.0,0.0,0.0,1.0,0.0
139,USW00093738,2015-05-20,12.3,0.0,0.0,67,71,57,0.0,0.0,0.0,0.0,0.0,0.0,0.0,0.0
140,USW00093738,2015-05-21,3.8,0.26,0.0,56,58,50,1.0,0.0,0.0,0.0,0.0,0.0,0.0,0.0
141,USW00093738,2015-05-22,10.51,0.0,0.0,60,75,46,0.0,0.0,0.0,0.0,0.0,0.0,0.0,0.0
142,USW00093738,2015-05-23,4.25,0.0,0.0,61,73,42,0.0,0.0,0.0,0.0,0.0,0.0,0.0,0.0
143,USW00093738,2015-05-24,4.25,0.0,0.0,65,81,48,0.0,0.0,0.0,0.0,0.0,0.0,0.0,0.0
144,USW00093738,2015-05-25,9.84,0.0,0.0,73,83,61,0.0,0.0,0.0,0.0,0.0,0.0,0.0,0.0
145,USW00093738,2015-05-26,7.61,0.0,0.0,74,87,62,0.0,0.0,0.0,0.0,0.0,0.0,0.0,0.0
146,USW00093738,2015-05-27,6.49,1.05,0.0,76,86,67,1.0,0.0,1.0,0.0,0.0,0.0,0.0,0.0
147,USW00093738,2015-05-28,3.13,0.0,0.0,76,89,66,1.0,0.0,0.0,0.0,0.0,0.0,0.0,0.0
148,USW00093738,2015-05-29,5.82,0.0,0.0,75,84,68,0.0,0.0,0.0,0.0,0.0,0.0,0.0,0.0
149,USW00093738,2015-05-30,8.72,0.0,0.0,76,89,68,0.0,0.0,0.0,0.0,0.0,0.0,0.0,0.0
150,USW00093738,2015-05-31,8.28,0.0,0.0,78,87,69,0.0,0.0,1.0,0.0,0.0,0.0,0.0,0.0
151,USW00093738,2015-06-01,5.59,0.06,0.0,78,88,69,1.0,0.0,1.0,0.0,0.0,0.0,0.0,0.0
152,USW00093738,2015-06-02,8.95,0.16,0.0,65,70,57,1.0,0.0,0.0,0.0,0.0,0.0,0.0,0.0
153,USW00093738,2015-06-03,6.26,0.0,0.0,58,60,56,1.0,0.0,0.0,0.0,0.0,0.0,0.0,0.0
154,USW00093738,2015-06-04,5.82,0.73,0.0,58,61,55,1.0,0.0,0.0,0.0,0.0,0.0,0.0,0.0
155,USW00093738,2015-06-05,3.58,0.0,0.0,62,74,56,1.0,0.0,0.0,0.0,0.0,0.0,0.0,0.0
156,USW00093738,2015-06-06,8.05,0.0,0.0,69,79,58,1.0,1.0,0.0,0.0,0.0,0.0,0.0,0.0
157,USW00093738,2015-06-07,7.61,0.0,0.0,69,77,60,0.0,0.0,0.0,0.0,0.0,0.0,0.0,0.0
158,USW00093738,2015-06-08,10.96,1.05,0.0,72,87,62,1.0,0.0,1.0,0.0,1.0,0.0,1.0,0.0
159,USW00093738,2015-06-09,9.84,0.0,0.0,74,84,66,0.0,0.0,0.0,0.0,0.0,0.0,0.0,0.0
160,USW00093738,2015-06-10,5.37,0.0,0.0,72,82,57,0.0,0.0,0.0,0.0,0.0,0.0,1.0,0.0
161,USW00093738,2015-06-11,4.92,0.0,0.0,78,92,66,1.0,0.0,0.0,0.0,0.0,0.0,1.0,0.0
162,USW00093738,2015-06-12,7.16,0.02,0.0,81,91,71,1.0,0.0,0.0,0.0,0.0,0.0,0.0,0.0
163,USW00093738,2015-06-13,4.7,0.0,0.0,78,89,69,0.0,0.0,1.0,0.0,0.0,0.0,0.0,0.0
164,USW00093738,2015-06-14,3.13,0.0,0.0,80,90,70,0.0,0.0,1.0,0.0,0.0,0.0,0.0,0.0
165,USW00093738,2015-06-15,4.7,0.26,0.0,79,90,73,0.0,0.0,0.0,0.0,0.0,0.0,1.0,0.0
166,USW00093738,2015-06-16,8.05,0.0,0.0,80,91,70,0.0,0.0,0.0,0.0,0.0,0.0,0.0,0.0
167,USW00093738,2015-06-17,3.13,0.36,0.0,74,79,66,1.0,0.0,0.0,0.0,0.0,0.0,0.0,0.0
168,USW00093738,2015-06-18,4.47,0.62,0.0,74,88,67,1.0,1.0,1.0,0.0,1.0,0.0,0.0,0.0
169,USW00093738,2015-06-19,4.92,0.07,0.0,76,84,68,0.0,0.0,0.0,0.0,0.0,0.0,0.0,0.0
170,USW00093738,2015-06-20,4.92,1.11,0.0,76,87,70,1.0,0.0,1.0,0.0,0.0,0.0,0.0,0.0
171,USW00093738,2015-06-21,6.49,0.09,0.0,79,91,71,1.0,0.0,0.0,0.0,0.0,0.0,0.0,0.0
172,USW00093738,2015-06-22,4.92,0.0,0.0,81,89,68,0.0,0.0,0.0,0.0,0.0,0.0,0.0,0.0
173,USW00093738,2015-06-23,7.83,0.55,0.0,82,93,71,1.0,0.0,1.0,0.0,0.0,0.0,0.0,0.0
174,USW00093738,2015-06-24,7.38,0.0,0.0,74,83,64,0.0,0.0,0.0,0.0,0.0,0.0,0.0,0.0
175,USW00093738,2015-06-25,3.13,0.4,0.0,73,83,60,1.0,0.0,1.0,0.0,0.0,0.0,0.0,0.0
176,USW00093738,2015-06-26,5.37,0.0,0.0,72,80,65,0.0,0.0,0.0,0.0,0.0,0.0,0.0,0.0
177,USW00093738,2015-06-27,7.83,1.47,0.0,69,74,65,1.0,0.0,0.0,0.0,0.0,0.0,0.0,0.0
178,USW00093738,2015-06-28,6.93,0.37,0.0,69,77,61,1.0,0.0,0.0,0.0,0.0,0.0,0.0,0.0
179,USW00093738,2015-06-29,5.82,0.0,0.0,69,81,54,0.0,0.0,0.0,0.0,0.0,0.0,0.0,0.0
180,USW00093738,2015-06-30,6.93,0.12,0.0,74,85,62,1.0,0.0,1.0,0.0,0.0,0.0,0.0,0.0
181,USW00093738,2015-07-01,5.59,0.05,0.0,75,85,65,1.0,0.0,1.0,0.0,0.0,0.0,0.0,0.0
182,USW00093738,2015-07-02,3.8,0.0,0.0,72,74,62,1.0,0.0,0.0,0.0,0.0,0.0,1.0,0.0
183,USW00093738,2015-07-03,2.91,0.01,0.0,69,79,59,1.0,0.0,0.0,0.0,0.0,0.0,1.0,0.0
184,USW00093738,2015-07-04,1.79,0.86,0.0,72,81,68,1.0,0.0,1.0,0.0,0.0,0.0,0.0,0.0
185,USW00093738,2015-07-05,3.13,0.02,0.0,72,81,65,1.0,1.0,0.0,0.0,0.0,0.0,0.0,0.0
186,USW00093738,2015-07-06,5.14,0.5,0.0,76,84,72,1.0,0.0,0.0,0.0,0.0,0.0,0.0,0.0
187,USW00093738,2015-07-07,5.82,0.0,0.0,77,87,70,1.0,1.0,0.0,0.0,0.0,0.0,0.0,0.0
188,USW00093738,2015-07-08,5.14,1.6,0.0,78,88,73,1.0,0.0,0.0,0.0,0.0,0.0,0.0,0.0
189,USW00093738,2015-07-09,4.92,0.0,0.0,78,87,72,0.0,0.0,0.0,0.0,0.0,0.0,0.0,0.0
190,USW00093738,2015-07-10,7.16,0.0,0.0,78,84,72,0.0,0.0,0.0,0.0,0.0,0.0,0.0,0.0
191,USW00093738,2015-07-11,4.7,0.05,0.0,77,84,64,0.0,0.0,0.0,0.0,0.0,0.0,0.0,0.0
192,USW00093738,2015-07-12,2.01,0.0,0.0,73,86,61,0.0,0.0,0.0,0.0,0.0,0.0,0.0,0.0
193,USW00093738,2015-07-13,2.91,0.21,0.0,72,78,68,1.0,0.0,0.0,0.0,0.0,0.0,0.0,0.0
194,USW00093738,2015-07-14,5.82,0.0,0.0,76,87,70,1.0,1.0,0.0,0.0,0.0,0.0,1.0,0.0
195,USW00093738,2015-07-15,9.84,0.0,0.0,76,85,66,0.0,0.0,0.0,0.0,0.0,0.0,0.0,0.0
196,USW00093738,2015-07-16,5.37,0.0,0.0,71,81,59,0.0,0.0,0.0,0.0,0.0,0.0,0.0,0.0
197,USW00093738,2015-07-17,6.71,0.0,0.0,71,81,61,0.0,0.0,0.0,0.0,0.0,0.0,0.0,0.0
198,USW00093738,2015-07-18,5.37,0.05,0.0,77,87,72,1.0,0.0,0.0,0.0,0.0,0.0,0.0,0.0
199,USW00093738,2015-07-19,3.58,0.0,0.0,82,94,69,1.0,0.0,0.0,0.0,0.0,0.0,0.0,0.0
200,USW00093738,2015-07-20,4.7,0.0,0.0,83,92,75,0.0,0.0,0.0,0.0,0.0,0.0,0.0,0.0
201,USW00093738,2015-07-21,3.8,0.0,0.0,80,87,73,0.0,0.0,0.0,0.0,0.0,0.0,0.0,0.0
202,USW00093738,2015-07-22,7.83,0.0,0.0,77,85,65,0.0,0.0,0.0,0.0,0.0,0.0,0.0,0.0
203,USW00093738,2015-07-23,4.92,0.0,0.0,74,83,60,0.0,0.0,0.0,0.0,0.0,0.0,0.0,0.0
204,USW00093738,2015-07-24,4.25,0.0,0.0,73,85,58,0.0,0.0,0.0,0.0,0.0,0.0,0.0,0.0
205,USW00093738,2015-07-25,3.58,0.0,0.0,75,88,62,0.0,0.0,0.0,0.0,0.0,0.0,0.0,0.0
206,USW00093738,2015-07-26,8.28,0.0,0.0,78,88,68,0.0,0.0,0.0,0.0,0.0,0.0,0.0,0.0
207,USW00093738,2015-07-27,2.91,0.33,0.0,78,86,70,1.0,0.0,1.0,0.0,0.0,0.0,0.0,0.0
208,USW00093738,2015-07-28,2.68,0.06,0.0,79,90,69,1.0,0.0,1.0,0.0,0.0,0.0,0.0,0.0
209,USW00093738,2015-07-29,4.92,0.0,0.0,77,87,70,1.0,0.0,0.0,0.0,0.0,0.0,0.0,0.0
210,USW00093738,2015-07-30,5.82,1.15,0.0,80,89,69,1.0,1.0,1.0,0.0,0.0,0.0,1.0,0.0
211,USW00093738,2015-07-31,4.7,0.0,0.0,77,87,63,0.0,0.0,0.0,0.0,0.0,0.0,0.0,0.0
212,USW00093738,2015-08-01,4.47,0.0,0.0,77,88,66,0.0,0.0,0.0,0.0,0.0,0.0,0.0,0.0
213,USW00093738,2015-08-02,3.58,0.0,0.0,75,87,61,0.0,0.0,0.0,0.0,0.0,0.0,0.0,0.0
214,USW00093738,2015-08-03,7.61,0.0,0.0,76,89,65,0.0,0.0,0.0,0.0,0.0,0.0,0.0,0.0
215,USW00093738,2015-08-04,5.82,0.17,0.0,80,91,67,0.0,0.0,1.0,0.0,0.0,0.0,0.0,0.0
216,USW00093738,2015-08-05,4.92,0.0,0.0,77,88,65,1.0,0.0,0.0,0.0,0.0,0.0,0.0,0.0
217,USW00093738,2015-08-06,4.92,0.02,0.0,73,79,63,0.0,0.0,0.0,0.0,0.0,0.0,0.0,0.0
218,USW00093738,2015-08-07,5.37,0.0,0.0,71,78,67,0.0,0.0,0.0,0.0,0.0,0.0,0.0,0.0
219,USW00093738,2015-08-08,4.7,0.0,0.0,75,83,68,0.0,0.0,0.0,0.0,0.0,0.0,0.0,0.0
220,USW00093738,2015-08-09,5.82,0.0,0.0,75,85,68,0.0,0.0,0.0,0.0,0.0,0.0,0.0,0.0
221,USW00093738,2015-08-10,8.5,0.15,0.0,73,75,69,1.0,0.0,0.0,0.0,0.0,0.0,0.0,0.0
222,USW00093738,2015-08-11,9.17,0.0,0.0,78,89,72,0.0,0.0,0.0,0.0,0.0,0.0,0.0,0.0
223,USW00093738,2015-08-12,8.28,0.0,0.0,76,84,65,0.0,0.0,0.0,0.0,0.0,0.0,0.0,0.0
224,USW00093738,2015-08-13,5.82,0.0,0.0,72,82,57,0.0,0.0,0.0,0.0,0.0,0.0,0.0,0.0
225,USW00093738,2015-08-14,2.46,0.0,0.0,70,86,53,0.0,0.0,0.0,0.0,0.0,0.0,0.0,0.0
226,USW00093738,2015-08-15,3.58,0.0,0.0,74,89,59,0.0,0.0,0.0,0.0,0.0,0.0,0.0,0.0
227,USW00093738,2015-08-16,4.03,0.0,0.0,77,93,62,0.0,0.0,0.0,0.0,0.0,0.0,0.0,0.0
228,USW00093738,2015-08-17,5.14,0.0,0.0,80,94,67,0.0,0.0,0.0,0.0,0.0,0.0,0.0,0.0
229,USW00093738,2015-08-18,4.47,0.07,0.0,78,85,67,0.0,0.0,0.0,0.0,0.0,0.0,0.0,0.0
230,USW00093738,2015-08-19,6.49,0.16,0.0,78,88,73,1.0,0.0,1.0,0.0,0.0,0.0,0.0,0.0
231,USW00093738,2015-08-20,4.03,0.41,0.0,77,85,69,1.0,0.0,1.0,0.0,0.0,0.0,1.0,0.0
232,USW00093738,2015-08-21,6.93,0.0,0.0,74,83,63,0.0,0.0,0.0,0.0,0.0,0.0,0.0,0.0
233,USW00093738,2015-08-22,5.14,0.0,0.0,71,84,57,0.0,0.0,0.0,0.0,0.0,0.0,0.0,0.0
234,USW00093738,2015-08-23,2.91,0.0,0.0,70,84,55,0.0,0.0,0.0,0.0,0.0,0.0,0.0,0.0
235,USW00093738,2015-08-24,3.58,0.1,0.0,76,90,64,1.0,0.0,1.0,0.0,0.0,0.0,0.0,0.0
236,USW00093738,2015-08-25,4.92,0.0,0.0,74,83,63,0.0,0.0,0.0,0.0,0.0,0.0,0.0,0.0
237,USW00093738,2015-08-26,6.93,0.0,0.0,72,79,61,0.0,0.0,0.0,0.0,0.0,0.0,0.0,0.0
238,USW00093738,2015-08-27,6.04,0.0,0.0,69,80,56,0.0,0.0,0.0,0.0,0.0,0.0,0.0,0.0
239,USW00093738,2015-08-28,3.36,0.0,0.0,70,84,58,0.0,0.0,0.0,0.0,0.0,0.0,0.0,0.0
240,USW00093738,2015-08-29,6.04,0.0,0.0,74,87,64,0.0,0.0,0.0,0.0,0.0,0.0,0.0,0.0
241,USW00093738,2015-08-30,4.47,0.0,0.0,75,87,64,0.0,0.0,0.0,0.0,0.0,0.0,0.0,0.0
242,USW00093738,2015-08-31,3.8,0.01,0.0,78,87,70,0.0,0.0,0.0,0.0,0.0,0.0,0.0,0.0
243,USW00093738,2015-09-01,3.8,0.0,0.0,79,93,65,1.0,0.0,0.0,0.0,0.0,0.0,0.0,0.0
244,USW00093738,2015-09-02,3.13,0.0,0.0,80,93,69,0.0,0.0,1.0,0.0,0.0,0.0,0.0,0.0
245,USW00093738,2015-09-03,4.47,0.0,0.0,79,94,65,1.0,0.0,0.0,0.0,0.0,0.0,0.0,0.0
246,USW00093738,2015-09-04,3.8,0.08,0.0,79,91,71,1.0,0.0,1.0,0.0,0.0,0.0,0.0,0.0
247,USW00093738,2015-09-05,5.14,0.0,0.0,76,86,70,1.0,0.0,0.0,0.0,0.0,0.0,0.0,0.0
248,USW00093738,2015-09-06,2.01,0.0,0.0,74,86,61,1.0,0.0,0.0,0.0,0.0,0.0,0.0,0.0
249,USW00093738,2015-09-07,4.25,0.0,0.0,74,90,59,0.0,0.0,0.0,0.0,0.0,0.0,0.0,0.0
250,USW00093738,2015-09-08,6.26,0.0,0.0,80,93,65,1.0,0.0,0.0,0.0,0.0,0.0,0.0,0.0
251,USW00093738,2015-09-09,4.92,0.0,0.0,81,92,72,0.0,0.0,0.0,0.0,0.0,0.0,0.0,0.0
252,USW00093738,2015-09-10,8.5,0.07,0.0,75,79,68,1.0,0.0,0.0,0.0,0.0,0.0,0.0,0.0
253,USW00093738,2015-09-11,6.04,0.0,0.0,72,84,59,0.0,0.0,0.0,0.0,0.0,0.0,1.0,0.0
254,USW00093738,2015-09-12,3.8,0.16,0.0,65,73,56,1.0,0.0,0.0,0.0,0.0,0.0,0.0,0.0
255,USW00093738,2015-09-13,10.29,0.0,0.0,66,73,52,0.0,0.0,0.0,0.0,0.0,0.0,0.0,0.0
256,USW00093738,2015-09-14,6.71,0.0,0.0,63,79,48,0.0,0.0,0.0,0.0,0.0,0.0,0.0,0.0
257,USW00093738,2015-09-15,2.24,0.0,0.0,66,83,48,0.0,0.0,0.0,0.0,0.0,0.0,0.0,0.0
258,USW00093738,2015-09-16,2.01,0.0,0.0,67,86,50,0.0,0.0,0.0,0.0,0.0,0.0,0.0,0.0
259,USW00093738,2015-09-17,2.91,0.0,0.0,70,87,53,1.0,0.0,0.0,0.0,0.0,0.0,0.0,0.0
260,USW00093738,2015-09-18,3.8,0.0,0.0,71,85,55,1.0,0.0,0.0,0.0,0.0,0.0,0.0,0.0
261,USW00093738,2015-09-19,5.59,0.0,0.0,73,87,59,1.0,0.0,0.0,0.0,0.0,0.0,0.0,0.0
262,USW00093738,2015-09-20,10.29,0.0,0.0,72,80,63,0.0,0.0,0.0,0.0,0.0,0.0,0.0,0.0
263,USW00093738,2015-09-21,7.61,0.24,0.0,65,66,59,1.0,0.0,0.0,0.0,0.0,0.0,0.0,0.0
264,USW00093738,2015-09-22,6.93,0.12,0.0,63,76,57,1.0,0.0,0.0,0.0,0.0,0.0,0.0,0.0
265,USW00093738,2015-09-23,5.37,0.0,0.0,66,79,56,0.0,0.0,0.0,0.0,0.0,0.0,0.0,0.0
266,USW00093738,2015-09-24,5.59,0.0,0.0,65,79,52,0.0,0.0,0.0,0.0,0.0,0.0,0.0,0.0
267,USW00093738,2015-09-25,7.38,0.0,0.0,65,71,57,0.0,0.0,0.0,0.0,0.0,0.0,0.0,0.0
268,USW00093738,2015-09-26,9.17,0.04,0.0,66,73,60,0.0,0.0,0.0,0.0,0.0,0.0,0.0,0.0
269,USW00093738,2015-09-27,8.05,0.0,0.0,64,72,59,0.0,0.0,0.0,0.0,0.0,0.0,0.0,0.0
270,USW00093738,2015-09-28,4.47,0.01,0.0,70,80,65,1.0,0.0,0.0,0.0,0.0,0.0,0.0,0.0
271,USW00093738,2015-09-29,4.92,1.57,0.0,73,79,69,1.0,0.0,0.0,0.0,0.0,0.0,0.0,0.0
272,USW00093738,2015-09-30,9.17,0.04,0.0,72,73,58,1.0,0.0,0.0,0.0,0.0,0.0,0.0,0.0
273,USW00093738,2015-10-01,11.18,0.27,0.0,58,58,54,1.0,0.0,0.0,0.0,0.0,0.0,0.0,0.0
274,USW00093738,2015-10-02,12.75,1.1,0.0,53,55,48,1.0,0.0,0.0,0.0,0.0,0.0,0.0,0.0
275,USW00093738,2015-10-03,12.75,0.37,0.0,51,56,48,1.0,0.0,0.0,0.0,0.0,0.0,0.0,0.0
276,USW00093738,2015-10-04,11.41,0.01,0.0,55,59,52,1.0,0.0,0.0,0.0,0.0,0.0,0.0,0.0
277,USW00093738,2015-10-05,7.83,0.0,0.0,57,68,48,0.0,0.0,0.0,0.0,0.0,0.0,0.0,0.0
278,USW00093738,2015-10-06,3.58,0.0,0.0,58,75,45,1.0,0.0,0.0,0.0,0.0,0.0,1.0,0.0
279,USW00093738,2015-10-07,3.36,0.0,0.0,63,77,52,0.0,0.0,0.0,0.0,0.0,0.0,0.0,0.0
280,USW00093738,2015-10-08,2.01,0.0,0.0,63,76,51,1.0,0.0,0.0,0.0,0.0,0.0,1.0,0.0
281,USW00093738,2015-10-09,8.05,0.13,0.0,67,82,60,1.0,0.0,1.0,0.0,0.0,0.0,0.0,0.0
282,USW00093738,2015-10-10,6.49,0.0,0.0,62,66,42,0.0,0.0,0.0,0.0,0.0,0.0,0.0,0.0
283,USW00093738,2015-10-11,1.34,0.0,0.0,53,71,38,0.0,0.0,0.0,0.0,0.0,0.0,0.0,0.0
284,USW00093738,2015-10-12,3.58,0.0,0.0,57,75,40,1.0,0.0,0.0,0.0,0.0,0.0,0.0,0.0
285,USW00093738,2015-10-13,6.04,0.0,0.0,65,79,55,0.0,0.0,0.0,0.0,0.0,0.0,0.0,0.0
286,USW00093738,2015-10-14,6.49,0.0,0.0,62,69,46,0.0,0.0,0.0,0.0,0.0,0.0,0.0,0.0
287,USW00093738,2015-10-15,5.59,0.0,0.0,56,67,46,0.0,0.0,0.0,0.0,0.0,0.0,0.0,0.0
288,USW00093738,2015-10-16,8.72,0.0,0.0,55,66,42,0.0,0.0,0.0,0.0,0.0,0.0,1.0,0.0
289,USW00093738,2015-10-17,10.29,0.0,0.0,49,58,33,0.0,0.0,0.0,0.0,0.0,0.0,0.0,0.0
290,USW00093738,2015-10-18,8.72,0.0,0.0,42,52,31,0.0,0.0,0.0,0.0,0.0,0.0,0.0,0.0
291,USW00093738,2015-10-19,3.8,0.0,0.0,42,57,27,0.0,0.0,0.0,0.0,0.0,0.0,0.0,0.0
292,USW00093738,2015-10-20,4.03,0.0,0.0,51,69,40,0.0,0.0,0.0,0.0,0.0,0.0,0.0,0.0
293,USW00093738,2015-10-21,1.79,0.0,0.0,56,77,39,0.0,0.0,0.0,0.0,0.0,0.0,0.0,0.0
294,USW00093738,2015-10-22,2.91,0.0,0.0,59,80,40,1.0,0.0,0.0,0.0,0.0,0.0,0.0,0.0
295,USW00093738,2015-10-23,6.04,0.0,0.0,62,69,40,0.0,0.0,0.0,0.0,0.0,0.0,0.0,0.0
296,USW00093738,2015-10-24,6.49,0.0,0.0,51,62,39,0.0,0.0,0.0,0.0,0.0,0.0,0.0,0.0
297,USW00093738,2015-10-25,7.61,0.08,0.0,59,69,52,1.0,0.0,0.0,0.0,0.0,0.0,0.0,0.0
298,USW00093738,2015-10-26,3.58,0.0,0.0,52,60,37,1.0,0.0,0.0,0.0,0.0,0.0,0.0,0.0
299,USW00093738,2015-10-27,4.47,0.01,0.0,45,57,36,1.0,0.0,0.0,0.0,0.0,0.0,0.0,0.0
300,USW00093738,2015-10-28,12.3,1.97,0.0,61,70,54,1.0,0.0,0.0,0.0,0.0,0.0,0.0,0.0
301,USW00093738,2015-10-29,5.82,0.01,0.0,65,69,49,1.0,1.0,0.0,0.0,0.0,0.0,0.0,0.0
302,USW00093738,2015-10-30,8.72,0.0,0.0,52,58,38,0.0,0.0,0.0,0.0,0.0,0.0,0.0,0.0
303,USW00093738,2015-10-31,4.7,0.0,0.0,47,60,34,0.0,0.0,0.0,0.0,0.0,0.0,0.0,0.0
304,USW00093738,2015-11-01,5.14,0.06,0.0,56,66,51,1.0,0.0,0.0,0.0,0.0,0.0,0.0,0.0
305,USW00093738,2015-11-02,0.89,0.0,0.0,55,64,43,1.0,0.0,0.0,0.0,0.0,0.0,0.0,0.0
306,USW00093738,2015-11-03,0.89,0.0,0.0,52,74,36,1.0,0.0,0.0,0.0,0.0,0.0,0.0,0.0
307,USW00093738,2015-11-04,2.91,0.1,0.0,55,75,39,1.0,0.0,0.0,0.0,0.0,0.0,0.0,0.0
308,USW00093738,2015-11-05,4.03,0.0,0.0,63,76,58,1.0,1.0,0.0,0.0,0.0,0.0,0.0,0.0
309,USW00093738,2015-11-06,9.62,0.0,0.0,68,80,63,1.0,1.0,0.0,0.0,0.0,0.0,0.0,0.0
310,USW00093738,2015-11-07,6.49,0.18,0.0,62,67,52,1.0,0.0,0.0,0.0,0.0,0.0,0.0,0.0
311,USW00093738,2015-11-08,5.14,0.0,0.0,52,57,35,0.0,0.0,0.0,0.0,0.0,0.0,0.0,0.0
312,USW00093738,2015-11-09,4.25,0.54,0.0,41,51,30,1.0,0.0,0.0,0.0,0.0,0.0,0.0,0.0
313,USW00093738,2015-11-10,10.29,0.25,0.0,50,55,46,1.0,1.0,0.0,0.0,0.0,0.0,0.0,0.0
314,USW00093738,2015-11-11,12.53,0.0,0.0,55,62,45,0.0,0.0,0.0,0.0,0.0,0.0,0.0,0.0
315,USW00093738,2015-11-12,6.71,0.03,0.0,51,64,43,1.0,0.0,0.0,0.0,0.0,0.0,0.0,0.0
316,USW00093738,2015-11-13,13.87,0.0,0.0,56,60,47,0.0,0.0,0.0,0.0,0.0,0.0,0.0,0.0
317,USW00093738,2015-11-14,13.87,0.0,0.0,48,53,33,0.0,0.0,0.0,0.0,0.0,0.0,0.0,0.0
318,USW00093738,2015-11-15,5.14,0.0,0.0,45,66,30,0.0,0.0,0.0,0.0,0.0,0.0,0.0,0.0
319,USW00093738,2015-11-16,2.24,0.0,0.0,49,68,32,0.0,0.0,0.0,0.0,0.0,0.0,1.0,0.0
320,USW00093738,2015-11-17,7.61,0.0,0.0,48,61,37,0.0,0.0,0.0,0.0,0.0,0.0,0.0,0.0
321,USW00093738,2015-11-18,8.5,0.0,0.0,54,66,47,0.0,0.0,0.0,0.0,0.0,0.0,0.0,0.0
322,USW00093738,2015-11-19,6.49,0.39,0.0,62,65,53,1.0,1.0,0.0,0.0,0.0,0.0,0.0,0.0
323,USW00093738,2015-11-20,10.29,0.0,0.0,53,57,30,0.0,0.0,0.0,0.0,0.0,0.0,0.0,0.0
324,USW00093738,2015-11-21,4.92,0.0,0.0,39,55,26,0.0,0.0,0.0,0.0,0.0,0.0,0.0,0.0
325,USW00093738,2015-11-22,12.53,0.0,0.0,45,47,34,0.0,0.0,0.0,0.0,0.0,0.0,0.0,0.0
326,USW00093738,2015-11-23,8.5,0.0,0.0,35,42,27,0.0,0.0,0.0,0.0,0.0,0.0,0.0,0.0
327,USW00093738,2015-11-24,4.47,0.0,0.0,39,54,30,0.0,0.0,0.0,0.0,0.0,0.0,0.0,0.0
328,USW00093738,2015-11-25,4.25,0.0,0.0,40,57,28,0.0,0.0,0.0,0.0,0.0,0.0,0.0,0.0
329,USW00093738,2015-11-26,3.8,0.0,0.0,46,63,32,0.0,0.0,0.0,0.0,0.0,0.0,0.0,0.0
330,USW00093738,2015-11-27,5.59,0.0,0.0,50,68,35,1.0,0.0,0.0,0.0,0.0,0.0,0.0,0.0
331,USW00093738,2015-11-28,1.57,0.0,0.0,55,65,45,0.0,0.0,0.0,0.0,0.0,0.0,0.0,0.0
332,USW00093738,2015-11-29,8.5,0.26,0.0,50,55,42,1.0,0.0,0.0,0.0,0.0,0.0,0.0,0.0
333,USW00093738,2015-11-30,7.83,0.25,0.0,40,42,36,1.0,0.0,0.0,0.0,0.0,0.0,0.0,0.0
334,USW00093738,2015-12-01,4.03,0.58,0.0,41,47,39,1.0,1.0,0.0,0.0,0.0,0.0,0.0,0.0
335,USW00093738,2015-12-02,5.37,0.21,0.0,50,57,47,1.0,1.0,0.0,0.0,0.0,0.0,0.0,0.0
336,USW00093738,2015-12-03,14.32,0.0,0.0,46,49,38,0.0,0.0,0.0,0.0,0.0,0.0,0.0,0.0
337,USW00093738,2015-12-04,4.7,0.0,0.0,41,50,30,0.0,0.0,0.0,0.0,0.0,0.0,0.0,0.0
338,USW00093738,2015-12-05,2.01,0.0,0.0,37,53,26,1.0,0.0,0.0,0.0,0.0,0.0,0.0,0.0
339,USW00093738,2015-12-06,2.68,0.0,0.0,36,54,23,1.0,0.0,0.0,0.0,0.0,0.0,1.0,0.0
340,USW00093738,2015-12-07,3.8,0.0,0.0,41,59,27,1.0,0.0,0.0,0.0,0.0,0.0,0.0,0.0
341,USW00093738,2015-12-08,2.01,0.0,0.0,42,53,29,0.0,0.0,0.0,0.0,0.0,0.0,0.0,0.0
342,USW00093738,2015-12-09,3.58,0.01,0.0,38,46,29,1.0,1.0,0.0,0.0,0.0,0.0,0.0,0.0
343,USW00093738,2015-12-10,2.68,0.0,0.0,46,63,35,1.0,1.0,0.0,0.0,0.0,0.0,0.0,0.0
344,USW00093738,2015-12-11,2.91,0.0,0.0,49,63,35,1.0,0.0,0.0,0.0,0.0,0.0,0.0,0.0
345,USW00093738,2015-12-12,1.79,0.0,0.0,51,71,39,1.0,0.0,0.0,0.0,0.0,0.0,0.0,0.0
346,USW00093738,2015-12-13,3.36,0.0,0.0,57,73,45,1.0,1.0,0.0,0.0,0.0,0.0,0.0,0.0
347,USW00093738,2015-12-14,10.07,0.07,0.0,62,69,57,1.0,0.0,0.0,0.0,0.0,0.0,0.0,0.0
348,USW00093738,2015-12-15,13.87,0.07,0.0,60,66,41,0.0,0.0,0.0,0.0,0.0,0.0,0.0,0.0
349,USW00093738,2015-12-16,4.7,0.0,0.0,47,56,34,0.0,0.0,0.0,0.0,0.0,0.0,0.0,0.0
350,USW00093738,2015-12-17,2.46,0.58,0.0,48,52,42,1.0,1.0,0.0,0.0,0.0,0.0,0.0,0.0
351,USW00093738,2015-12-18,13.2,0.0,0.0,44,49,31,1.0,0.0,0.0,0.0,0.0,0.0,0.0,0.0
352,USW00093738,2015-12-19,9.4,0.0,0.0,35,44,26,0.0,0.0,0.0,0.0,0.0,0.0,0.0,0.0
353,USW00093738,2015-12-20,4.92,0.0,0.0,35,46,24,0.0,0.0,0.0,0.0,0.0,0.0,0.0,0.0
354,USW00093738,2015-12-21,10.51,0.0,0.0,43,56,37,0.0,0.0,0.0,0.0,0.0,0.0,0.0,0.0
355,USW00093738,2015-12-22,7.61,0.11,0.0,54,60,49,1.0,0.0,0.0,0.0,0.0,0.0,0.0,0.0
356,USW00093738,2015-12-23,5.59,0.58,0.0,59,64,56,1.0,1.0,0.0,0.0,0.0,0.0,0.0,0.0
357,USW00093738,2015-12-24,9.84,0.03,0.0,66,71,63,1.0,0.0,0.0,0.0,0.0,0.0,0.0,0.0
358,USW00093738,2015-12-25,3.58,0.67,0.0,65,70,58,1.0,1.0,0.0,0.0,0.0,0.0,0.0,0.0
359,USW00093738,2015-12-26,5.59,0.04,0.0,57,60,51,1.0,1.0,0.0,0.0,0.0,0.0,0.0,0.0
360,USW00093738,2015-12-27,10.74,0.13,0.0,57,69,51,1.0,0.0,0.0,0.0,0.0,0.0,0.0,0.0
361,USW00093738,2015-12-28,10.51,0.26,0.0,49,56,39,1.0,0.0,0.0,0.0,0.0,0.0,0.0,0.0
362,USW00093738,2015-12-29,4.03,0.39,0.0,43,51,40,1.0,1.0,0.0,0.0,0.0,0.0,0.0,0.0
363,USW00093738,2015-12-30,3.13,0.03,0.0,48,54,45,1.0,1.0,0.0,0.0,0.0,0.0,0.0,0.0
364,USW00093738,2015-12-31,6.93,0.0,0.0,51,57,43,1.0,1.0,0.0,0.0,0.0,0.0,0.0,0.0
365,USW00093738,2016-01-01,8.5,0.0,0.0,42,43,30,0.0,0.0,0.0,0.0,0.0,0.0,0.0,0.0
366,USW00093738,2016-01-02,4.47,0.0,0.0,36,49,27,0.0,0.0,0.0,0.0,0.0,0.0,0.0,0.0
367,USW00093738,2016-01-03,4.92,0.0,0.0,36,54,23,0.0,0.0,0.0,0.0,0.0,0.0,0.0,0.0
368,USW00093738,2016-01-04,15.21,0.0,0.0,34,37,20,0.0,0.0,0.0,0.0,0.0,0.0,0.0,0.0
369,USW00093738,2016-01-05,7.61,0.0,0.0,22,32,13,0.0,0.0,0.0,0.0,0.0,0.0,0.0,0.0
370,USW00093738,2016-01-06,2.01,0.0,0.0,22,40,9,0.0,0.0,0.0,0.0,0.0,0.0,0.0,0.0
371,USW00093738,2016-01-07,1.34,0.0,0.0,31,41,23,1.0,0.0,0.0,0.0,0.0,0.0,1.0,0.0
372,USW00093738,2016-01-08,2.01,0.03,0.0,39,42,36,1.0,1.0,0.0,0.0,0.0,0.0,0.0,0.0
373,USW00093738,2016-01-09,2.01,0.24,0.0,43,50,40,1.0,0.0,0.0,0.0,0.0,0.0,0.0,0.0
374,USW00093738,2016-01-10,12.75,1.0,0.0,52,59,34,1.0,0.0,0.0,0.0,0.0,0.0,0.0,0.0
375,USW00093738,2016-01-11,10.29,0.0,0.0,33,39,23,0.0,0.0,0.0,0.0,0.0,0.0,0.0,0.0
376,USW00093738,2016-01-12,11.86,0.01,0.3,32,45,23,1.0,0.0,0.0,0.0,0.0,0.0,0.0,0.0
377,USW00093738,2016-01-13,8.5,0.0,0.0,26,30,18,0.0,0.0,0.0,0.0,0.0,0.0,0.0,0.0
378,USW00093738,2016-01-14,6.93,0.0,0.0,32,52,19,0.0,0.0,0.0,0.0,0.0,0.0,0.0,0.0
379,USW00093738,2016-01-15,4.47,0.51,0.0,40,49,27,1.0,0.0,0.0,0.0,0.0,0.0,0.0,0.0
380,USW00093738,2016-01-16,7.61,0.01,0.0,42,52,36,1.0,1.0,0.0,0.0,0.0,0.0,0.0,0.0
381,USW00093738,2016-01-17,5.59,0.02,0.1,36,37,30,1.0,0.0,0.0,0.0,0.0,0.0,0.0,0.0
382,USW00093738,2016-01-18,18.79,0.0,0.0,24,32,14,0.0,0.0,0.0,0.0,0.0,0.0,1.0,0.0
383,USW00093738,2016-01-19,16.11,0.0,0.0,17,26,13,0.0,0.0,0.0,0.0,0.0,0.0,0.0,0.0
384,USW00093738,2016-01-20,5.82,0.0,0.1,21,29,15,1.0,0.0,0.0,0.0,0.0,0.0,0.0,0.0
385,USW00093738,2016-01-21,11.41,0.0,0.0,26,32,20,0.0,0.0,0.0,0.0,0.0,0.0,0.0,0.0
386,USW00093738,2016-01-22,7.83,0.75,7.2,22,28,14,1.0,0.0,0.0,0.0,0.0,0.0,0.0,0.0
387,USW00093738,2016-01-23,19.24,1.88,22.1,23,29,21,1.0,1.0,0.0,0.0,0.0,0.0,0.0,1.0
388,USW00093738,2016-01-24,7.83,0.0,0.0,26,35,9,1.0,0.0,0.0,0.0,0.0,0.0,1.0,1.0
389,USW00093738,2016-01-25,2.01,0.0,0.0,19,42,4,1.0,0.0,0.0,0.0,0.0,0.0,1.0,0.0
390,USW00093738,2016-01-26,8.05,0.0,0.0,36,51,22,0.0,0.0,0.0,0.0,0.0,0.0,0.0,0.0
391,USW00093738,2016-01-27,9.4,0.01,0.0,40,45,20,0.0,0.0,0.0,0.0,0.0,0.0,0.0,0.0
392,USW00093738,2016-01-28,3.58,0.0,0.0,26,42,11,1.0,0.0,0.0,0.0,0.0,0.0,0.0,0.0
393,USW00093738,2016-01-29,12.3,0.01,0.1,33,39,23,1.0,0.0,0.0,0.0,0.0,0.0,1.0,0.0
394,USW00093738,2016-01-30,6.71,0.0,0.0,30,47,13,0.0,0.0,0.0,0.0,0.0,0.0,0.0,0.0
395,USW00093738,2016-01-31,7.38,0.0,0.0,44,60,34,0.0,0.0,0.0,0.0,0.0,0.0,0.0,0.0
396,USW00093738,2016-02-01,6.71,0.18,0.0,48,56,41,1.0,0.0,0.0,0.0,0.0,0.0,0.0,0.0
397,USW00093738,2016-02-02,5.82,0.0,0.0,41,49,30,0.0,0.0,0.0,0.0,0.0,0.0,0.0,0.0
398,USW00093738,2016-02-03,7.16,0.76,0.0,44,54,40,1.0,1.0,0.0,0.0,0.0,0.0,0.0,0.0
399,USW00093738,2016-02-04,10.07,0.01,0.0,49,54,40,1.0,1.0,0.0,0.0,0.0,0.0,0.0,0.0
400,USW00093738,2016-02-05,13.2,0.02,0.0,39,42,26,0.0,0.0,0.0,0.0,0.0,0.0,0.0,0.0
401,USW00093738,2016-02-06,4.47,0.0,0.0,32,44,22,0.0,0.0,0.0,0.0,0.0,0.0,0.0,0.0
402,USW00093738,2016-02-07,4.47,0.0,0.0,33,45,22,0.0,0.0,0.0,0.0,0.0,0.0,0.0,0.0
403,USW00093738,2016-02-08,6.26,0.0,0.0,37,47,25,0.0,0.0,0.0,0.0,0.0,0.0,0.0,0.0
404,USW00093738,2016-02-09,7.38,0.31,0.7,36,39,30,1.0,0.0,0.0,0.0,0.0,0.0,0.0,0.0
405,USW00093738,2016-02-10,15.21,0.0,0.0,31,36,23,0.0,0.0,0.0,0.0,0.0,0.0,0.0,0.0
406,USW00093738,2016-02-11,15.21,0.0,0.0,23,27,18,0.0,0.0,0.0,0.0,0.0,0.0,0.0,0.0
407,USW00093738,2016-02-12,4.92,0.0,0.0,22,30,13,0.0,0.0,0.0,0.0,0.0,0.0,0.0,0.0
408,USW00093738,2016-02-13,20.36,0.0,0.0,22,26,13,0.0,0.0,0.0,0.0,0.0,0.0,0.0,0.0
409,USW00093738,2016-02-14,6.04,0.02,0.2,16,24,7,1.0,0.0,0.0,0.0,0.0,0.0,0.0,0.0
410,USW00093738,2016-02-15,4.92,0.48,2.2,22,30,19,1.0,0.0,0.0,1.0,0.0,1.0,1.0,0.0
411,USW00093738,2016-02-16,6.93,0.79,0.0,35,48,30,1.0,1.0,0.0,0.0,0.0,1.0,0.0,0.0
412,USW00093738,2016-02-17,7.61,0.0,0.0,37,47,26,0.0,0.0,0.0,0.0,0.0,0.0,0.0,0.0
413,USW00093738,2016-02-18,9.84,0.0,0.0,35,39,23,0.0,0.0,0.0,0.0,0.0,0.0,0.0,0.0
414,USW00093738,2016-02-19,7.38,0.0,0.0,28,43,18,0.0,0.0,0.0,0.0,0.0,0.0,0.0,0.0
415,USW00093738,2016-02-20,12.97,0.0,0.0,49,67,42,0.0,0.0,0.0,0.0,0.0,0.0,0.0,0.0
416,USW00093738,2016-02-21,5.37,0.08,0.0,51,56,44,1.0,0.0,0.0,0.0,0.0,0.0,0.0,0.0
417,USW00093738,2016-02-22,4.7,0.0,0.0,46,53,37,0.0,0.0,0.0,0.0,0.0,0.0,0.0,0.0
418,USW00093738,2016-02-23,7.38,0.36,0.0,40,43,38,1.0,0.0,0.0,0.0,0.0,0.0,0.0,0.0
419,USW00093738,2016-02-24,5.82,0.78,0.0,40,58,38,1.0,1.0,1.0,0.0,0.0,0.0,0.0,0.0
420,USW00093738,2016-02-25,15.21,0.0,0.0,48,53,38,0.0,0.0,0.0,0.0,0.0,0.0,0.0,0.0
421,USW00093738,2016-02-26,17.22,0.0,0.0,36,38,28,0.0,0.0,0.0,0.0,0.0,0.0,0.0,0.0
422,USW00093738,2016-02-27,4.03,0.0,0.0,34,47,24,0.0,0.0,0.0,0.0,0.0,0.0,0.0,0.0
423,USW00093738,2016-02-28,10.74,0.0,0.0,43,66,29,0.0,0.0,0.0,0.0,0.0,0.0,0.0,0.0
424,USW00093738,2016-02-29,12.3,0.0,0.0,56,62,35,0.0,0.0,0.0,0.0,0.0,0.0,0.0,0.0
425,USW00093738,2016-03-01,9.4,0.0,0.0,47,66,30,0.0,0.0,0.0,0.0,0.0,0.0,0.0,0.0
426,USW00093738,2016-03-02,18.12,0.04,0.0,47,61,25,0.0,0.0,0.0,0.0,0.0,0.0,0.0,0.0
427,USW00093738,2016-03-03,4.25,0.05,0.7,32,41,22,1.0,0.0,0.0,0.0,0.0,0.0,0.0,0.0
428,USW00093738,2016-03-04,8.5,0.04,0.6,34,40,32,1.0,0.0,0.0,0.0,0.0,0.0,1.0,0.0
429,USW00093738,2016-03-05,5.82,0.0,0.0,39,45,35,0.0,0.0,0.0,0.0,0.0,0.0,0.0,0.0
430,USW00093738,2016-03-06,4.03,0.0,0.0,40,51,29,1.0,0.0,0.0,0.0,0.0,0.0,1.0,0.0
431,USW00093738,2016-03-07,8.95,0.0,0.0,45,66,29,0.0,0.0,0.0,0.0,0.0,0.0,0.0,0.0
432,USW00093738,2016-03-08,4.25,0.0,0.0,59,78,40,0.0,0.0,0.0,0.0,0.0,0.0,0.0,0.0
433,USW00093738,2016-03-09,6.04,0.0,0.0,62,82,39,0.0,0.0,0.0,0.0,0.0,0.0,0.0,0.0
434,USW00093738,2016-03-10,10.29,0.0,0.0,68,80,59,0.0,0.0,0.0,0.0,0.0,0.0,0.0,0.0
435,USW00093738,2016-03-11,6.71,0.0,0.0,67,72,47,0.0,0.0,0.0,0.0,0.0,0.0,0.0,0.0
436,USW00093738,2016-03-12,2.68,0.0,0.0,53,63,40,0.0,0.0,0.0,0.0,0.0,0.0,0.0,0.0
437,USW00093738,2016-03-13,6.49,0.53,0.0,55,61,48,1.0,0.0,0.0,0.0,0.0,0.0,0.0,0.0
438,USW00093738,2016-03-14,7.83,0.03,0.0,49,53,47,1.0,0.0,0.0,0.0,0.0,0.0,0.0,0.0
439,USW00093738,2016-03-15,4.25,0.01,0.0,51,63,45,1.0,0.0,0.0,0.0,0.0,0.0,0.0,0.0
440,USW00093738,2016-03-16,4.47,0.0,0.0,56,75,42,1.0,1.0,0.0,0.0,0.0,0.0,0.0,0.0
441,USW00093738,2016-03-17,8.05,0.0,0.0,58,67,39,0.0,0.0,0.0,0.0,0.0,0.0,0.0,0.0
442,USW00093738,2016-03-18,10.51,0.0,0.0,53,65,36,0.0,0.0,0.0,0.0,0.0,0.0,0.0,0.0
443,USW00093738,2016-03-19,7.61,0.34,0.0,44,51,35,1.0,0.0,0.0,0.0,0.0,0.0,0.0,0.0
444,USW00093738,2016-03-20,6.49,0.0,0.0,38,44,36,1.0,0.0,0.0,0.0,0.0,0.0,0.0,0.0
445,USW00093738,2016-03-21,11.41,0.0,0.0,42,52,30,0.0,0.0,0.0,0.0,0.0,0.0,0.0,0.0
446,USW00093738,2016-03-22,8.5,0.0,0.0,42,62,26,0.0,0.0,0.0,0.0,0.0,0.0,0.0,0.0
447,USW00093738,2016-03-23,10.29,0.0,0.0,61,74,49,0.0,0.0,0.0,0.0,0.0,0.0,0.0,0.0
448,USW00093738,2016-03-24,10.51,0.0,0.0,62,77,42,0.0,0.0,0.0,0.0,0.0,0.0,0.0,0.0
449,USW00093738,2016-03-25,14.32,0.0,0.0,67,71,47,0.0,0.0,0.0,0.0,0.0,0.0,0.0,0.0
450,USW00093738,2016-03-26,6.71,0.0,0.0,49,61,37,0.0,0.0,0.0,0.0,0.0,0.0,0.0,0.0
451,USW00093738,2016-03-27,4.7,0.03,0.0,52,56,43,1.0,0.0,0.0,0.0,0.0,0.0,1.0,0.0
452,USW00093738,2016-03-28,15.66,0.38,0.0,54,68,48,1.0,0.0,0.0,0.0,0.0,0.0,0.0,0.0
453,USW00093738,2016-03-29,13.42,0.0,0.0,52,59,37,0.0,0.0,0.0,0.0,0.0,0.0,0.0,0.0
454,USW00093738,2016-03-30,8.28,0.0,0.0,47,65,27,0.0,0.0,0.0,0.0,0.0,0.0,0.0,0.0
455,USW00093738,2016-03-31,14.99,0.0,0.0,61,72,53,0.0,0.0,0.0,0.0,0.0,0.0,0.0,0.0
456,USW00093738,2016-04-01,13.87,0.02,0.0,71,82,64,0.0,0.0,0.0,0.0,0.0,0.0,0.0,0.0
457,USW00093738,2016-04-02,11.63,0.09,0.0,60,65,42,0.0,0.0,0.0,0.0,0.0,0.0,0.0,0.0
458,USW00093738,2016-04-03,15.88,0.0,0.0,44,53,34,0.0,0.0,0.0,0.0,0.0,0.0,0.0,0.0
459,USW00093738,2016-04-04,12.53,0.03,0.0,53,72,38,0.0,0.0,0.0,0.0,0.0,0.0,0.0,0.0
460,USW00093738,2016-04-05,10.96,0.0,0.0,40,45,27,0.0,0.0,0.0,0.0,0.0,0.0,0.0,0.0
461,USW00093738,2016-04-06,11.18,0.0,0.0,39,57,24,0.0,0.0,0.0,0.0,0.0,0.0,0.0,0.0
462,USW00093738,2016-04-07,10.51,0.94,0.0,54,62,44,1.0,0.0,0.0,0.0,0.0,0.0,0.0,0.0
463,USW00093738,2016-04-08,10.96,0.0,0.0,46,51,34,0.0,0.0,0.0,0.0,0.0,0.0,0.0,0.0
464,USW00093738,2016-04-09,16.11,0.08,0.0,40,46,32,1.0,0.0,0.0,0.0,0.0,0.0,0.0,0.0
465,USW00093738,2016-04-10,8.05,0.0,0.0,37,53,25,0.0,0.0,0.0,0.0,0.0,0.0,0.0,0.0
466,USW00093738,2016-04-11,15.66,0.02,0.0,55,74,45,0.0,0.0,0.0,0.0,0.0,0.0,0.0,0.0
467,USW00093738,2016-04-12,14.76,0.01,0.0,62,67,46,0.0,0.0,0.0,0.0,0.0,0.0,0.0,0.0
468,USW00093738,2016-04-13,4.7,0.0,0.0,49,59,34,0.0,0.0,0.0,0.0,0.0,0.0,0.0,0.0
469,USW00093738,2016-04-14,3.8,0.0,0.0,48,64,31,0.0,0.0,0.0,0.0,0.0,0.0,0.0,0.0
470,USW00093738,2016-04-15,3.8,0.0,0.0,51,64,34,0.0,0.0,0.0,0.0,0.0,0.0,0.0,0.0
471,USW00093738,2016-04-16,4.7,0.0,0.0,54,71,34,0.0,0.0,0.0,0.0,0.0,0.0,0.0,0.0
472,USW00093738,2016-04-17,2.91,0.0,0.0,57,74,38,0.0,0.0,0.0,0.0,0.0,0.0,0.0,0.0
473,USW00093738,2016-04-18,3.8,0.0,0.0,63,83,42,0.0,0.0,0.0,0.0,0.0,0.0,0.0,0.0
474,USW00093738,2016-04-19,8.05,0.0,0.0,65,82,47,0.0,0.0,0.0,0.0,0.0,0.0,0.0,0.0
475,USW00093738,2016-04-20,5.82,0.0,0.0,60,71,40,0.0,0.0,0.0,0.0,0.0,0.0,0.0,0.0
476,USW00093738,2016-04-21,9.62,0.0,0.0,60,75,48,0.0,0.0,0.0,0.0,0.0,0.0,0.0,0.0
477,USW00093738,2016-04-22,9.62,0.01,0.0,67,71,62,0.0,0.0,0.0,0.0,0.0,0.0,0.0,0.0
478,USW00093738,2016-04-23,10.51,0.18,0.0,63,70,53,1.0,0.0,0.0,0.0,0.0,0.0,0.0,0.0
479,USW00093738,2016-04-24,4.92,0.0,0.0,57,69,44,0.0,0.0,0.0,0.0,0.0,0.0,0.0,0.0
480,USW00093738,2016-04-25,5.37,0.0,0.0,62,80,47,0.0,0.0,0.0,0.0,0.0,0.0,0.0,0.0
481,USW00093738,2016-04-26,10.74,0.0,0.0,72,84,62,0.0,0.0,0.0,0.0,0.0,0.0,0.0,0.0
482,USW00093738,2016-04-27,6.26,0.02,0.0,62,69,53,1.0,0.0,0.0,0.0,0.0,0.0,0.0,0.0
483,USW00093738,2016-04-28,6.71,0.42,0.0,53,54,47,1.0,0.0,0.0,0.0,0.0,0.0,0.0,0.0
484,USW00093738,2016-04-29,4.7,0.0,0.0,49,55,46,1.0,0.0,0.0,0.0,0.0,0.0,1.0,0.0
485,USW00093738,2016-04-30,4.7,0.06,0.0,53,56,51,1.0,0.0,0.0,0.0,0.0,0.0,1.0,0.0
486,USW00093738,2016-05-01,6.93,0.53,0.0,54,59,51,1.0,0.0,1.0,0.0,0.0,0.0,0.0,0.0
487,USW00093738,2016-05-02,6.71,1.39,0.0,61,80,54,1.0,1.0,1.0,0.0,0.0,0.0,0.0,0.0
488,USW00093738,2016-05-03,6.04,0.54,0.0,65,71,57,1.0,0.0,0.0,0.0,0.0,0.0,0.0,0.0
489,USW00093738,2016-05-04,6.26,0.0,0.0,57,62,53,1.0,0.0,0.0,0.0,0.0,0.0,1.0,0.0
490,USW00093738,2016-05-05,9.4,0.01,0.0,53,57,50,1.0,0.0,1.0,0.0,0.0,0.0,1.0,0.0
491,USW00093738,2016-05-06,9.84,0.92,0.0,53,54,50,1.0,0.0,0.0,0.0,0.0,0.0,0.0,0.0
492,USW00093738,2016-05-07,4.92,0.03,0.0,55,65,49,1.0,0.0,0.0,0.0,0.0,0.0,0.0,0.0
493,USW00093738,2016-05-08,9.62,0.05,0.0,61,71,45,0.0,0.0,0.0,0.0,0.0,0.0,0.0,0.0
494,USW00093738,2016-05-09,3.36,0.1,0.0,54,63,42,1.0,0.0,0.0,0.0,0.0,0.0,0.0,0.0
495,USW00093738,2016-05-10,4.25,0.01,0.0,58,63,54,0.0,0.0,1.0,0.0,0.0,0.0,0.0,0.0
496,USW00093738,2016-05-11,2.91,0.17,0.0,56,60,54,1.0,0.0,0.0,0.0,0.0,0.0,0.0,0.0
497,USW00093738,2016-05-12,3.8,0.0,0.0,60,67,57,1.0,1.0,0.0,0.0,0.0,0.0,1.0,0.0
498,USW00093738,2016-05-13,9.4,0.05,0.0,66,77,56,1.0,0.0,0.0,0.0,0.0,0.0,0.0,0.0
499,USW00093738,2016-05-14,8.5,0.18,0.0,61,75,46,1.0,0.0,0.0,0.0,0.0,0.0,0.0,0.0
500,USW00093738,2016-05-15,13.87,0.0,0.0,52,59,37,0.0,0.0,0.0,0.0,0.0,0.0,0.0,0.0
501,USW00093738,2016-05-16,7.38,0.0,0.0,51,66,36,0.0,0.0,0.0,0.0,0.0,0.0,0.0,0.0
502,USW00093738,2016-05-17,3.13,0.33,0.0,54,56,50,1.0,0.0,0.0,0.0,0.0,0.0,0.0,0.0
503,USW00093738,2016-05-18,6.93,0.0,0.0,56,65,52,1.0,0.0,0.0,0.0,0.0,0.0,0.0,0.0
504,USW00093738,2016-05-19,4.03,0.0,0.0,60,72,50,0.0,0.0,0.0,0.0,0.0,0.0,0.0,0.0
505,USW00093738,2016-05-20,5.82,0.0,0.0,61,77,45,0.0,0.0,0.0,0.0,0.0,0.0,0.0,0.0
506,USW00093738,2016-05-21,8.28,0.55,0.0,58,62,53,1.0,0.0,0.0,0.0,0.0,0.0,0.0,0.0
507,USW00093738,2016-05-22,8.28,0.69,0.0,54,57,52,1.0,0.0,0.0,0.0,0.0,0.0,0.0,0.0
508,USW00093738,2016-05-23,5.59,0.47,0.0,60,75,54,1.0,0.0,1.0,0.0,0.0,0.0,0.0,0.0
509,USW00093738,2016-05-24,6.49,0.05,0.0,66,82,52,1.0,0.0,0.0,0.0,0.0,0.0,0.0,0.0
510,USW00093738,2016-05-25,3.8,0.0,0.0,70,86,52,0.0,0.0,0.0,0.0,0.0,0.0,0.0,0.0
511,USW00093738,2016-05-26,5.14,0.0,0.0,73,89,56,0.0,0.0,0.0,0.0,0.0,0.0,0.0,0.0
512,USW00093738,2016-05-27,4.92,0.0,0.0,79,89,67,0.0,0.0,0.0,0.0,0.0,0.0,0.0,0.0
513,USW00093738,2016-05-28,7.38,0.0,0.0,79,89,69,0.0,0.0,0.0,0.0,0.0,0.0,0.0,0.0
514,USW00093738,2016-05-29,4.7,0.01,0.0,75,84,64,0.0,0.0,0.0,0.0,0.0,0.0,0.0,0.0
515,USW00093738,2016-05-30,4.03,0.0,0.0,73,83,63,0.0,0.0,0.0,0.0,0.0,0.0,0.0,0.0
516,USW00093738,2016-05-31,4.7,0.0,0.0,76,88,67,1.0,1.0,0.0,0.0,0.0,0.0,1.0,0.0
517,USW00093738,2016-06-01,5.14,0.0,0.0,76,87,63,1.0,0.0,0.0,0.0,0.0,0.0,0.0,0.0
518,USW00093738,2016-06-02,4.47,0.0,0.0,72,82,62,0.0,0.0,0.0,0.0,0.0,0.0,0.0,0.0
519,USW00093738,2016-06-03,3.8,0.99,0.0,75,86,70,1.0,0.0,0.0,0.0,0.0,0.0,1.0,0.0
520,USW00093738,2016-06-04,4.92,0.01,0.0,74,82,70,1.0,0.0,0.0,0.0,0.0,0.0,0.0,0.0
521,USW00093738,2016-06-05,8.05,0.04,0.0,74,84,68,1.0,0.0,0.0,0.0,0.0,0.0,0.0,0.0
522,USW00093738,2016-06-06,7.61,0.0,0.0,75,85,63,0.0,0.0,0.0,0.0,0.0,0.0,0.0,0.0
523,USW00093738,2016-06-07,9.4,0.0,0.0,76,85,63,1.0,0.0,1.0,0.0,0.0,0.0,0.0,0.0
524,USW00093738,2016-06-08,13.42,0.0,0.0,66,71,55,0.0,0.0,0.0,0.0,0.0,0.0,0.0,0.0
525,USW00093738,2016-06-09,10.96,0.0,0.0,65,80,47,0.0,0.0,0.0,0.0,0.0,0.0,0.0,0.0
526,USW00093738,2016-06-10,6.71,0.0,0.0,71,81,56,0.0,0.0,0.0,0.0,0.0,0.0,0.0,0.0
527,USW00093738,2016-06-11,6.71,0.0,0.0,77,95,59,0.0,0.0,0.0,0.0,0.0,0.0,0.0,0.0
528,USW00093738,2016-06-12,14.99,0.0,0.0,83,91,68,0.0,0.0,0.0,0.0,0.0,0.0,0.0,0.0
529,USW00093738,2016-06-13,9.62,0.0,0.0,71,80,60,0.0,0.0,0.0,0.0,0.0,0.0,0.0,0.0
530,USW00093738,2016-06-14,6.93,0.0,0.0,73,80,61,0.0,0.0,0.0,0.0,0.0,0.0,0.0,0.0
531,USW00093738,2016-06-15,5.82,0.15,0.0,71,81,64,1.0,0.0,0.0,0.0,0.0,0.0,0.0,0.0
532,USW00093738,2016-06-16,6.71,2.82,0.0,76,85,68,1.0,0.0,1.0,0.0,0.0,0.0,0.0,0.0
533,USW00093738,2016-06-17,8.72,0.0,0.0,71,80,63,1.0,0.0,0.0,0.0,0.0,0.0,0.0,0.0
534,USW00093738,2016-06-18,3.8,0.0,0.0,72,84,59,0.0,0.0,0.0,0.0,0.0,0.0,0.0,0.0
535,USW00093738,2016-06-19,4.7,0.0,0.0,73,87,57,0.0,0.0,0.0,0.0,0.0,0.0,0.0,0.0
536,USW00093738,2016-06-20,5.14,0.0,0.0,75,89,57,0.0,0.0,0.0,0.0,0.0,0.0,0.0,0.0
537,USW00093738,2016-06-21,6.71,1.69,0.0,77,87,68,1.0,1.0,1.0,0.0,1.0,0.0,0.0,0.0
538,USW00093738,2016-06-22,7.38,0.0,0.0,74,84,65,1.0,0.0,0.0,0.0,0.0,0.0,0.0,0.0
539,USW00093738,2016-06-23,3.58,0.59,0.0,72,79,67,1.0,0.0,1.0,0.0,0.0,0.0,0.0,0.0
540,USW00093738,2016-06-24,6.04,0.0,0.0,75,85,65,0.0,0.0,0.0,0.0,0.0,0.0,0.0,0.0
541,USW00093738,2016-06-25,5.14,0.0,0.0,75,83,64,0.0,0.0,0.0,0.0,0.0,0.0,0.0,0.0
542,USW00093738,2016-06-26,4.7,0.0,0.0,74,85,60,0.0,0.0,0.0,0.0,0.0,0.0,0.0,0.0
543,USW00093738,2016-06-27,6.93,0.0,0.0,74,86,64,0.0,0.0,0.0,0.0,0.0,0.0,0.0,0.0
544,USW00093738,2016-06-28,4.92,0.06,0.0,79,89,66,1.0,0.0,1.0,0.0,0.0,0.0,0.0,0.0
545,USW00093738,2016-06-29,8.05,0.0,0.0,73,81,60,0.0,0.0,0.0,0.0,0.0,0.0,0.0,0.0
546,USW00093738,2016-06-30,3.13,0.0,0.0,71,83,56,1.0,0.0,0.0,0.0,0.0,0.0,1.0,0.0
547,USW00093738,2016-07-01,4.47,0.0,0.0,75,88,63,0.0,0.0,0.0,0.0,0.0,0.0,0.0,0.0
548,USW00093738,2016-07-02,7.61,0.0,0.0,74,80,67,0.0,0.0,0.0,0.0,0.0,0.0,0.0,0.0
549,USW00093738,2016-07-03,4.25,0.02,0.0,69,73,63,0.0,0.0,0.0,0.0,0.0,0.0,0.0,0.0
550,USW00093738,2016-07-04,7.83,0.34,0.0,68,72,66,1.0,0.0,0.0,0.0,0.0,0.0,0.0,0.0
551,USW00093738,2016-07-05,5.82,0.55,0.0,78,90,71,1.0,0.0,0.0,0.0,0.0,0.0,0.0,0.0
552,USW00093738,2016-07-06,4.47,0.0,0.0,82,91,72,1.0,0.0,0.0,0.0,0.0,0.0,0.0,0.0
553,USW00093738,2016-07-07,6.26,0.0,0.0,82,90,72,1.0,0.0,0.0,0.0,0.0,0.0,0.0,0.0
554,USW00093738,2016-07-08,4.92,0.03,0.0,81,89,70,1.0,0.0,0.0,0.0,0.0,0.0,0.0,0.0
555,USW00093738,2016-07-09,8.05,0.0,0.0,81,91,72,0.0,0.0,0.0,0.0,0.0,0.0,0.0,0.0
556,USW00093738,2016-07-10,9.4,0.0,0.0,78,85,66,0.0,0.0,0.0,0.0,0.0,0.0,0.0,0.0
557,USW00093738,2016-07-11,3.58,0.0,0.0,76,87,62,0.0,0.0,0.0,0.0,0.0,0.0,0.0,0.0
558,USW00093738,2016-07-12,7.38,0.0,0.0,76,86,65,0.0,0.0,0.0,0.0,0.0,0.0,0.0,0.0
559,USW00093738,2016-07-13,3.36,0.0,0.0,81,92,74,0.0,0.0,0.0,0.0,0.0,0.0,0.0,0.0
560,USW00093738,2016-07-14,7.83,0.0,0.0,83,95,71,0.0,0.0,0.0,0.0,0.0,0.0,0.0,0.0
561,USW00093738,2016-07-15,5.82,0.0,0.0,81,91,70,0.0,0.0,0.0,0.0,0.0,0.0,0.0,0.0
562,USW00093738,2016-07-16,4.03,0.16,0.0,79,92,67,1.0,0.0,1.0,0.0,0.0,0.0,0.0,0.0
563,USW00093738,2016-07-17,4.25,0.0,0.0,76,90,65,1.0,0.0,0.0,0.0,0.0,0.0,0.0,0.0
564,USW00093738,2016-07-18,5.82,0.21,0.0,81,95,70,1.0,0.0,1.0,0.0,0.0,0.0,0.0,0.0
565,USW00093738,2016-07-19,4.7,0.0,0.0,79,91,70,0.0,0.0,0.0,0.0,0.0,0.0,0.0,0.0
566,USW00093738,2016-07-20,5.37,0.0,0.0,78,86,67,0.0,0.0,0.0,0.0,0.0,0.0,0.0,0.0
567,USW00093738,2016-07-21,4.25,0.0,0.0,76,90,60,0.0,0.0,0.0,0.0,0.0,0.0,0.0,0.0
568,USW00093738,2016-07-22,6.04,0.0,0.0,81,94,67,1.0,0.0,0.0,0.0,0.0,0.0,0.0,0.0
569,USW00093738,2016-07-23,5.82,0.03,0.0,85,98,71,0.0,0.0,0.0,0.0,0.0,0.0,0.0,0.0
570,USW00093738,2016-07-24,5.59,0.02,0.0,84,97,71,0.0,0.0,1.0,0.0,0.0,0.0,0.0,0.0
571,USW00093738,2016-07-25,5.14,0.01,0.0,87,100,74,0.0,0.0,1.0,0.0,0.0,0.0,0.0,0.0
572,USW00093738,2016-07-26,6.26,0.0,0.0,85,95,76,0.0,0.0,0.0,0.0,0.0,0.0,0.0,0.0
573,USW00093738,2016-07-27,4.25,0.0,0.0,85,94,75,0.0,0.0,0.0,0.0,0.0,0.0,0.0,0.0
574,USW00093738,2016-07-28,5.59,0.99,0.0,81,92,74,1.0,0.0,1.0,0.0,0.0,0.0,0.0,0.0
575,USW00093738,2016-07-29,5.82,0.34,0.0,78,90,72,1.0,0.0,0.0,0.0,0.0,0.0,0.0,0.0
576,USW00093738,2016-07-30,7.16,0.32,0.0,79,88,71,1.0,0.0,1.0,0.0,0.0,0.0,0.0,0.0
577,USW00093738,2016-07-31,3.58,0.0,0.0,77,90,72,1.0,0.0,0.0,0.0,0.0,0.0,0.0,0.0
578,USW00093738,2016-08-01,4.7,0.0,0.0,80,90,72,0.0,0.0,0.0,0.0,0.0,0.0,0.0,0.0
579,USW00093738,2016-08-02,6.49,0.0,0.0,79,88,70,1.0,0.0,0.0,0.0,0.0,0.0,1.0,0.0
580,USW00093738,2016-08-03,6.26,0.0,0.0,76,82,69,0.0,0.0,0.0,0.0,0.0,0.0,0.0,0.0
581,USW00093738,2016-08-04,3.36,0.0,0.0,74,84,64,0.0,0.0,0.0,0.0,0.0,0.0,0.0,0.0
582,USW00093738,2016-08-05,7.61,0.0,0.0,75,80,68,0.0,0.0,0.0,0.0,0.0,0.0,0.0,0.0
583,USW00093738,2016-08-06,6.93,0.02,0.0,79,91,74,1.0,0.0,0.0,0.0,0.0,0.0,0.0,0.0
584,USW00093738,2016-08-07,5.59,0.0,0.0,78,89,64,0.0,0.0,0.0,0.0,0.0,0.0,0.0,0.0
585,USW00093738,2016-08-08,4.25,0.0,0.0,74,88,62,0.0,0.0,0.0,0.0,0.0,0.0,0.0,0.0
586,USW00093738,2016-08-09,3.8,0.0,0.0,70,78,61,1.0,0.0,0.0,0.0,0.0,0.0,0.0,0.0
587,USW00093738,2016-08-10,8.95,0.0,0.0,81,93,75,0.0,0.0,0.0,0.0,0.0,0.0,0.0,0.0
588,USW00093738,2016-08-11,9.4,0.0,0.0,85,95,75,0.0,0.0,0.0,0.0,0.0,0.0,0.0,0.0
589,USW00093738,2016-08-12,8.95,0.0,0.0,85,96,77,0.0,0.0,0.0,0.0,0.0,0.0,0.0,0.0
590,USW00093738,2016-08-13,8.05,0.0,0.0,87,99,78,0.0,0.0,0.0,0.0,0.0,0.0,0.0,0.0
591,USW00093738,2016-08-14,6.71,0.05,0.0,87,97,76,0.0,0.0,1.0,0.0,0.0,0.0,0.0,0.0
592,USW00093738,2016-08-15,4.47,0.14,0.0,82,96,70,0.0,0.0,1.0,0.0,0.0,0.0,0.0,0.0
593,USW00093738,2016-08-16,6.93,0.0,0.0,79,96,72,0.0,0.0,1.0,0.0,0.0,0.0,0.0,0.0
594,USW00093738,2016-08-17,6.49,0.66,0.0,84,94,70,1.0,0.0,1.0,0.0,0.0,0.0,0.0,0.0
595,USW00093738,2016-08-18,5.59,0.0,0.0,79,90,72,1.0,0.0,0.0,0.0,0.0,0.0,0.0,0.0
596,USW00093738,2016-08-19,3.36,0.0,0.0,79,89,67,0.0,0.0,0.0,0.0,0.0,0.0,0.0,0.0
597,USW00093738,2016-08-20,5.14,0.0,0.0,77,90,65,0.0,0.0,0.0,0.0,0.0,0.0,0.0,0.0
598,USW00093738,2016-08-21,7.61,0.07,0.0,78,90,69,1.0,0.0,1.0,0.0,0.0,0.0,0.0,0.0
599,USW00093738,2016-08-22,7.38,0.0,0.0,75,85,63,0.0,0.0,0.0,0.0,0.0,0.0,0.0,0.0
600,USW00093738,2016-08-23,4.25,0.0,0.0,72,85,61,0.0,0.0,0.0,0.0,0.0,0.0,1.0,0.0
601,USW00093738,2016-08-24,7.61,0.0,0.0,74,87,62,0.0,0.0,0.0,0.0,0.0,0.0,0.0,0.0
602,USW00093738,2016-08-25,7.61,0.0,0.0,78,91,67,0.0,0.0,0.0,0.0,0.0,0.0,0.0,0.0
603,USW00093738,2016-08-26,4.47,0.0,0.0,84,95,73,1.0,0.0,0.0,0.0,0.0,0.0,0.0,0.0
604,USW00093738,2016-08-27,4.92,0.0,0.0,83,92,69,0.0,0.0,0.0,0.0,0.0,0.0,0.0,0.0
605,USW00093738,2016-08-28,2.91,0.0,0.0,78,91,65,0.0,0.0,0.0,0.0,0.0,0.0,0.0,0.0
606,USW00093738,2016-08-29,4.47,0.0,0.0,79,94,66,0.0,0.0,0.0,0.0,0.0,0.0,0.0,0.0
607,USW00093738,2016-08-30,5.14,0.0,0.0,80,91,67,0.0,0.0,0.0,0.0,0.0,0.0,0.0,0.0
608,USW00093738,2016-08-31,5.14,0.02,0.0,78,92,64,1.0,0.0,0.0,0.0,0.0,0.0,0.0,0.0
609,USW00093738,2016-09-01,5.82,0.17,0.0,76,84,68,1.0,0.0,0.0,0.0,0.0,0.0,0.0,0.0
610,USW00093738,2016-09-02,8.28,0.0,0.0,71,80,63,0.0,0.0,0.0,0.0,0.0,0.0,0.0,0.0
611,USW00093738,2016-09-03,10.51,0.0,0.0,71,80,63,0.0,0.0,0.0,0.0,0.0,0.0,0.0,0.0
612,USW00093738,2016-09-04,5.37,0.0,0.0,72,82,58,0.0,0.0,0.0,0.0,0.0,0.0,0.0,0.0
613,USW00093738,2016-09-05,4.7,0.0,0.0,70,88,54,0.0,0.0,0.0,0.0,0.0,0.0,0.0,0.0
614,USW00093738,2016-09-06,8.72,0.0,0.0,78,93,63,0.0,0.0,0.0,0.0,0.0,0.0,0.0,0.0
615,USW00093738,2016-09-07,6.93,0.0,0.0,81,94,67,0.0,0.0,1.0,0.0,0.0,0.0,0.0,0.0
616,USW00093738,2016-09-08,6.26,0.0,0.0,82,96,72,0.0,0.0,0.0,0.0,0.0,0.0,0.0,0.0
617,USW00093738,2016-09-09,5.82,0.0,0.0,85,98,74,0.0,0.0,0.0,0.0,0.0,0.0,0.0,0.0
618,USW00093738,2016-09-10,7.16,0.0,0.0,84,96,72,0.0,0.0,0.0,0.0,0.0,0.0,0.0,0.0
619,USW00093738,2016-09-11,9.62,0.0,0.0,80,84,67,0.0,0.0,0.0,0.0,0.0,0.0,0.0,0.0
620,USW00093738,2016-09-12,5.14,0.0,0.0,72,84,62,0.0,0.0,0.0,0.0,0.0,0.0,0.0,0.0
621,USW00093738,2016-09-13,7.61,0.0,0.0,75,90,62,0.0,0.0,0.0,0.0,0.0,0.0,0.0,0.0
622,USW00093738,2016-09-14,5.14,0.0,0.0,79,93,62,0.0,0.0,0.0,0.0,0.0,0.0,0.0,0.0
623,USW00093738,2016-09-15,7.38,0.0,0.0,73,77,67,0.0,0.0,0.0,0.0,0.0,0.0,0.0,0.0
624,USW00093738,2016-09-16,5.37,0.0,0.0,70,77,65,0.0,0.0,0.0,0.0,0.0,0.0,0.0,0.0
625,USW00093738,2016-09-17,8.28,0.0,0.0,73,82,67,0.0,0.0,0.0,0.0,0.0,0.0,0.0,0.0
626,USW00093738,2016-09-18,7.38,0.0,0.0,77,89,70,0.0,0.0,0.0,0.0,0.0,0.0,0.0,0.0
627,USW00093738,2016-09-19,4.7,0.23,0.0,74,76,69,1.0,0.0,1.0,0.0,0.0,0.0,0.0,0.0
628,USW00093738,2016-09-20,6.49,0.0,0.0,73,81,68,1.0,0.0,0.0,0.0,0.0,0.0,1.0,0.0
629,USW00093738,2016-09-21,6.26,0.0,0.0,74,84,66,0.0,0.0,0.0,0.0,0.0,0.0,0.0,0.0
630,USW00093738,2016-09-22,3.8,0.0,0.0,74,87,60,0.0,0.0,0.0,0.0,0.0,0.0,0.0,0.0
631,USW00093738,2016-09-23,2.46,0.0,0.0,73,91,56,0.0,0.0,0.0,0.0,0.0,0.0,1.0,0.0
632,USW00093738,2016-09-24,5.82,0.0,0.0,71,76,56,0.0,0.0,0.0,0.0,0.0,0.0,0.0,0.0
633,USW00093738,2016-09-25,4.47,0.0,0.0,63,74,54,0.0,0.0,0.0,0.0,0.0,0.0,0.0,0.0
634,USW00093738,2016-09-26,7.16,0.03,0.0,64,68,58,1.0,0.0,0.0,0.0,0.0,0.0,1.0,0.0
635,USW00093738,2016-09-27,4.92,0.27,0.0,67,77,58,1.0,0.0,0.0,0.0,0.0,0.0,0.0,0.0
636,USW00093738,2016-09-28,8.05,0.82,0.0,64,68,62,1.0,1.0,1.0,0.0,0.0,0.0,1.0,0.0
637,USW00093738,2016-09-29,14.09,0.93,0.0,67,68,62,1.0,0.0,1.0,0.0,0.0,0.0,0.0,0.0
638,USW00093738,2016-09-30,10.96,0.1,0.0,62,64,60,1.0,0.0,0.0,0.0,0.0,0.0,0.0,0.0
639,USW00093738,2016-10-01,6.71,0.2,0.0,63,65,61,1.0,0.0,0.0,0.0,0.0,0.0,0.0,0.0
640,USW00093738,2016-10-02,2.68,0.0,0.0,65,75,61,1.0,0.0,0.0,0.0,0.0,0.0,1.0,0.0
641,USW00093738,2016-10-03,5.14,0.0,0.0,67,76,55,1.0,0.0,0.0,0.0,0.0,0.0,0.0,0.0
642,USW00093738,2016-10-04,6.04,0.0,0.0,62,75,53,1.0,0.0,0.0,0.0,0.0,0.0,0.0,0.0
643,USW00093738,2016-10-05,5.14,0.0,0.0,62,71,51,0.0,0.0,0.0,0.0,0.0,0.0,0.0,0.0
644,USW00093738,2016-10-06,2.91,0.0,0.0,58,71,49,1.0,0.0,0.0,0.0,0.0,0.0,0.0,0.0
645,USW00093738,2016-10-07,4.7,0.0,0.0,62,70,58,1.0,0.0,0.0,0.0,0.0,0.0,1.0,0.0
646,USW00093738,2016-10-08,6.93,0.2,0.0,65,66,62,1.0,0.0,0.0,0.0,0.0,0.0,0.0,0.0
647,USW00093738,2016-10-09,19.69,0.0,0.0,61,67,53,0.0,0.0,0.0,0.0,0.0,0.0,0.0,0.0
648,USW00093738,2016-10-10,10.51,0.0,0.0,56,65,41,0.0,0.0,0.0,0.0,0.0,0.0,0.0,0.0
649,USW00093738,2016-10-11,3.13,0.0,0.0,51,66,37,0.0,0.0,0.0,0.0,0.0,0.0,0.0,0.0
650,USW00093738,2016-10-12,2.68,0.0,0.0,53,69,39,1.0,0.0,0.0,0.0,0.0,0.0,0.0,0.0
651,USW00093738,2016-10-13,6.26,0.0,0.0,56,73,43,1.0,1.0,0.0,0.0,0.0,0.0,0.0,0.0
652,USW00093738,2016-10-14,3.58,0.0,0.0,54,64,38,0.0,0.0,0.0,0.0,0.0,0.0,0.0,0.0
653,USW00093738,2016-10-15,3.36,0.0,0.0,52,67,36,1.0,0.0,0.0,0.0,0.0,0.0,0.0,0.0
654,USW00093738,2016-10-16,6.04,0.0,0.0,59,75,46,1.0,1.0,0.0,0.0,0.0,0.0,0.0,0.0
655,USW00093738,2016-10-17,4.03,0.0,0.0,68,84,51,1.0,0.0,0.0,0.0,0.0,0.0,0.0,0.0
656,USW00093738,2016-10-18,6.26,0.0,0.0,70,85,56,1.0,0.0,0.0,0.0,0.0,0.0,0.0,0.0
657,USW00093738,2016-10-19,4.7,0.03,0.0,74,87,64,0.0,0.0,0.0,0.0,0.0,0.0,0.0,0.0
658,USW00093738,2016-10-20,7.83,0.0,0.0,74,83,65,0.0,0.0,0.0,0.0,0.0,0.0,0.0,0.0
659,USW00093738,2016-10-21,11.41,0.14,0.0,68,76,55,1.0,0.0,0.0,0.0,0.0,0.0,0.0,0.0
660,USW00093738,2016-10-22,21.7,0.0,0.0,55,58,47,0.0,0.0,0.0,0.0,0.0,0.0,0.0,0.0
661,USW00093738,2016-10-23,9.4,0.0,0.0,54,70,43,0.0,0.0,0.0,0.0,0.0,0.0,0.0,0.0
662,USW00093738,2016-10-24,11.41,0.0,0.0,59,70,49,0.0,0.0,0.0,0.0,0.0,0.0,1.0,0.0
663,USW00093738,2016-10-25,10.07,0.0,0.0,52,62,36,0.0,0.0,0.0,0.0,0.0,0.0,0.0,0.0
664,USW00093738,2016-10-26,2.46,0.0,0.0,45,58,30,0.0,0.0,0.0,0.0,0.0,0.0,0.0,0.0
665,USW00093738,2016-10-27,7.61,0.03,0.0,52,62,44,1.0,0.0,0.0,0.0,0.0,0.0,0.0,0.0
666,USW00093738,2016-10-28,10.29,0.0,0.0,55,61,38,0.0,0.0,0.0,0.0,0.0,0.0,0.0,0.0
667,USW00093738,2016-10-29,7.61,0.0,0.0,53,76,37,0.0,0.0,0.0,0.0,0.0,0.0,0.0,0.0
668,USW00093738,2016-10-30,8.72,0.05,0.0,67,84,56,0.0,0.0,1.0,0.0,0.0,0.0,0.0,0.0
669,USW00093738,2016-10-31,6.49,0.0,0.0,56,60,40,0.0,0.0,0.0,0.0,0.0,0.0,0.0,0.0
670,USW00093738,2016-11-01,4.7,0.0,0.0,49,60,37,0.0,0.0,0.0,0.0,0.0,0.0,0.0,0.0
671,USW00093738,2016-11-02,2.46,0.0,0.0,61,78,52,1.0,0.0,0.0,0.0,0.0,0.0,0.0,0.0
672,USW00093738,2016-11-03,5.82,0.0,0.0,65,79,55,1.0,0.0,0.0,0.0,0.0,0.0,0.0,0.0
673,USW00093738,2016-11-04,8.72,0.0,0.0,59,62,38,0.0,0.0,0.0,0.0,0.0,0.0,0.0,0.0
674,USW00093738,2016-11-05,4.92,0.0,0.0,49,66,34,0.0,0.0,0.0,0.0,0.0,0.0,0.0,0.0
675,USW00093738,2016-11-06,8.05,0.0,0.0,53,67,38,0.0,0.0,0.0,0.0,0.0,0.0,0.0,0.0
676,USW00093738,2016-11-07,3.36,0.0,0.0,48,62,34,0.0,0.0,0.0,0.0,0.0,0.0,0.0,0.0
677,USW00093738,2016-11-08,3.13,0.0,0.0,45,69,28,0.0,0.0,0.0,0.0,0.0,0.0,0.0,0.0
678,USW00093738,2016-11-09,8.72,0.19,0.0,55,64,49,1.0,0.0,0.0,0.0,0.0,0.0,0.0,0.0
679,USW00093738,2016-11-10,9.17,0.0,0.0,51,61,41,0.0,0.0,0.0,0.0,0.0,0.0,0.0,0.0
680,USW00093738,2016-11-11,13.2,0.0,0.0,52,64,35,0.0,0.0,0.0,0.0,0.0,0.0,0.0,0.0
681,USW00093738,2016-11-12,5.82,0.0,0.0,44,52,26,0.0,0.0,0.0,0.0,0.0,0.0,0.0,0.0
682,USW00093738,2016-11-13,2.24,0.0,0.0,40,64,23,0.0,0.0,0.0,0.0,0.0,0.0,0.0,0.0
683,USW00093738,2016-11-14,2.01,0.01,0.0,42,57,25,0.0,0.0,0.0,0.0,0.0,0.0,0.0,0.0
684,USW00093738,2016-11-15,4.7,0.03,0.0,51,63,38,0.0,0.0,0.0,0.0,0.0,0.0,0.0,0.0
685,USW00093738,2016-11-16,4.47,0.0,0.0,46,64,30,1.0,0.0,0.0,0.0,0.0,0.0,0.0,0.0
686,USW00093738,2016-11-17,4.7,0.0,0.0,48,61,31,1.0,0.0,0.0,0.0,0.0,0.0,0.0,0.0
687,USW00093738,2016-11-18,1.34,0.0,0.0,47,73,30,0.0,0.0,0.0,0.0,0.0,0.0,0.0,0.0
688,USW00093738,2016-11-19,10.96,0.02,0.0,50,70,35,0.0,0.0,0.0,1.0,0.0,0.0,0.0,0.0
689,USW00093738,2016-11-20,24.16,0.0,0.0,40,45,34,0.0,0.0,0.0,0.0,0.0,0.0,0.0,0.0
690,USW00093738,2016-11-21,16.55,0.0,0.0,37,43,32,0.0,0.0,0.0,0.0,0.0,0.0,0.0,0.0
691,USW00093738,2016-11-22,9.4,0.0,0.0,38,48,26,0.0,0.0,0.0,0.0,0.0,0.0,0.0,0.0
692,USW00093738,2016-11-23,2.91,0.0,0.0,36,50,20,0.0,0.0,0.0,0.0,0.0,0.0,0.0,0.0
693,USW00093738,2016-11-24,1.79,0.0,0.0,45,59,33,0.0,0.0,0.0,0.0,0.0,0.0,0.0,0.0
694,USW00093738,2016-11-25,3.13,0.0,0.0,46,59,33,0.0,0.0,0.0,0.0,0.0,0.0,0.0,0.0
695,USW00093738,2016-11-26,10.51,0.0,0.0,47,50,33,0.0,0.0,0.0,0.0,0.0,0.0,0.0,0.0
696,USW00093738,2016-11-27,4.92,0.0,0.0,41,52,28,0.0,0.0,0.0,0.0,0.0,0.0,0.0,0.0
697,USW00093738,2016-11-28,5.37,0.0,0.0,36,52,23,0.0,0.0,0.0,0.0,0.0,0.0,0.0,0.0
698,USW00093738,2016-11-29,3.36,0.21,0.0,50,57,46,1.0,1.0,0.0,0.0,0.0,0.0,0.0,0.0
699,USW00093738,2016-11-30,5.14,1.31,0.0,57,65,54,1.0,1.0,0.0,0.0,0.0,0.0,0.0,0.0
700,USW00093738,2016-12-01,10.74,0.07,0.0,53,58,44,1.0,0.0,0.0,0.0,0.0,0.0,0.0,0.0
701,USW00093738,2016-12-02,12.3,0.0,0.0,45,51,41,0.0,0.0,0.0,0.0,0.0,0.0,0.0,0.0
702,USW00093738,2016-12-03,14.76,0.0,0.0,43,48,38,0.0,0.0,0.0,0.0,0.0,0.0,0.0,0.0
703,USW00093738,2016-12-04,4.25,0.1,0.0,39,45,30,1.0,0.0,0.0,0.0,0.0,0.0,0.0,0.0
704,USW00093738,2016-12-05,6.04,0.16,0.0,44,55,38,1.0,0.0,0.0,0.0,0.0,0.0,0.0,0.0
705,USW00093738,2016-12-06,5.82,1.03,0.0,41,41,38,1.0,0.0,0.0,1.0,0.0,0.0,0.0,0.0
706,USW00093738,2016-12-07,4.92,0.0,0.0,42,50,29,1.0,0.0,0.0,0.0,0.0,0.0,0.0,0.0
707,USW00093738,2016-12-08,8.95,0.0,0.0,37,48,29,0.0,0.0,0.0,0.0,0.0,0.0,0.0,0.0
708,USW00093738,2016-12-09,14.32,0.0,0.0,32,37,26,0.0,0.0,0.0,0.0,0.0,0.0,0.0,0.0
709,USW00093738,2016-12-10,8.05,0.0,0.0,30,35,22,0.0,0.0,0.0,0.0,0.0,0.0,0.0,0.0
710,USW00093738,2016-12-11,5.37,0.0,0.0,29,40,22,0.0,0.0,0.0,0.0,0.0,0.0,0.0,0.0
711,USW00093738,2016-12-12,9.4,0.12,0.0,43,53,40,1.0,0.0,0.0,0.0,0.0,0.0,0.0,0.0
712,USW00093738,2016-12-13,4.03,0.0,0.0,40,46,32,0.0,0.0,0.0,0.0,0.0,0.0,0.0,0.0
713,USW00093738,2016-12-14,5.82,0.0,0.0,38,45,30,0.0,0.0,0.0,0.0,0.0,0.0,0.0,0.0
714,USW00093738,2016-12-15,15.66,0.0,0.0,27,34,11,0.0,0.0,0.0,0.0,0.0,0.0,0.0,0.0
715,USW00093738,2016-12-16,6.93,0.0,0.0,18,27,9,0.0,0.0,0.0,0.0,0.0,0.0,0.0,0.0
716,USW00093738,2016-12-17,7.61,0.16,0.0,31,52,25,1.0,0.0,0.0,0.0,0.0,1.0,0.0,0.0
717,USW00093738,2016-12-18,16.11,0.04,0.0,51,63,33,0.0,0.0,0.0,0.0,0.0,0.0,0.0,0.0
718,USW00093738,2016-12-19,7.83,0.0,0.0,33,35,28,0.0,0.0,0.0,0.0,0.0,0.0,0.0,0.0
719,USW00093738,2016-12-20,2.46,0.0,0.0,27,37,17,0.0,0.0,0.0,0.0,0.0,0.0,0.0,0.0
720,USW00093738,2016-12-21,2.24,0.0,0.0,31,48,19,0.0,0.0,0.0,0.0,0.0,0.0,0.0,0.0
721,USW00093738,2016-12-22,10.51,0.0,0.0,41,57,29,0.0,0.0,0.0,0.0,0.0,0.0,0.0,0.0
722,USW00093738,2016-12-23,5.37,0.0,0.0,38,46,26,0.0,0.0,0.0,0.0,0.0,0.0,0.0,0.0
723,USW00093738,2016-12-24,5.14,0.48,0.0,42,47,32,1.0,0.0,0.0,0.0,0.0,0.0,0.0,0.0
724,USW00093738,2016-12-25,4.25,0.0,0.0,41,51,32,1.0,0.0,0.0,0.0,0.0,0.0,0.0,0.0
725,USW00093738,2016-12-26,6.71,0.0,0.0,42,48,39,1.0,0.0,0.0,0.0,0.0,0.0,0.0,0.0
726,USW00093738,2016-12-27,10.51,0.0,0.0,55,67,41,0.0,0.0,0.0,0.0,0.0,0.0,0.0,0.0
727,USW00093738,2016-12-28,6.71,0.0,0.0,44,50,31,0.0,0.0,0.0,0.0,0.0,0.0,0.0,0.0
728,USW00093738,2016-12-29,8.28,0.2,0.0,39,51,31,1.0,0.0,0.0,0.0,0.0,0.0,0.0,0.0
729,USW00093738,2016-12-30,11.63,0.0,0.0,36,41,27,0.0,0.0,0.0,0.0,0.0,0.0,1.0,0.0
730,USW00093738,2016-12-31,13.42,0.0,0.0,34,47,24,0.0,0.0,0.0,0.0,0.0,0.0,0.0,0.0
731,USW00093738,2017-01-01,4.03,0.0,0.0,43,54,33,0.0,0.0,0.0,0.0,0.0,0.0,0.0,0.0
732,USW00093738,2017-01-02,5.82,0.27,0.0,42,45,39,1.0,0.0,0.0,0.0,0.0,0.0,0.0,0.0
733,USW00093738,2017-01-03,4.7,0.92,0.0,42,44,41,1.0,1.0,0.0,0.0,0.0,0.0,0.0,0.0
734,USW00093738,2017-01-04,10.96,0.02,0.0,46,56,29,1.0,1.0,0.0,0.0,0.0,0.0,0.0,0.0
735,USW00093738,2017-01-05,3.8,0.0,0.0,31,34,23,0.0,0.0,0.0,0.0,0.0,0.0,0.0,0.0
736,USW00093738,2017-01-06,9.62,0.01,0.1,29,31,24,1.0,0.0,0.0,0.0,0.0,0.0,0.0,0.0
737,USW00093738,2017-01-07,12.97,0.04,0.6,22,24,16,0.0,0.0,0.0,0.0,0.0,0.0,0.0,0.0
738,USW00093738,2017-01-08,14.76,0.0,0.0,17,22,11,0.0,0.0,0.0,0.0,0.0,0.0,0.0,0.0
739,USW00093738,2017-01-09,5.59,0.0,0.0,17,27,7,0.0,0.0,0.0,0.0,0.0,0.0,0.0,0.0
740,USW00093738,2017-01-10,10.51,0.0,0.0,24,40,18,0.0,0.0,0.0,0.0,0.0,0.0,0.0,0.0
741,USW00093738,2017-01-11,9.17,0.09,0.0,44,57,37,0.0,0.0,0.0,0.0,0.0,0.0,0.0,0.0
742,USW00093738,2017-01-12,17.0,0.02,0.0,56,70,49,0.0,0.0,0.0,0.0,0.0,0.0,0.0,0.0
743,USW00093738,2017-01-13,10.51,0.0,0.0,54,63,40,0.0,0.0,0.0,1.0,0.0,0.0,0.0,0.0
744,USW00093738,2017-01-14,4.03,0.23,0.0,37,40,32,1.0,0.0,0.0,1.0,0.0,0.0,0.0,0.0
745,USW00093738,2017-01-15,5.14,0.0,0.0,38,47,33,1.0,0.0,0.0,0.0,0.0,0.0,1.0,0.0
746,USW00093738,2017-01-16,4.47,0.0,0.0,40,45,37,0.0,0.0,0.0,0.0,0.0,0.0,0.0,0.0
747,USW00093738,2017-01-17,4.7,0.2,0.0,42,52,40,1.0,0.0,0.0,0.0,0.0,0.0,0.0,0.0
748,USW00093738,2017-01-18,9.17,0.0,0.0,50,57,41,1.0,0.0,0.0,0.0,0.0,0.0,0.0,0.0
749,USW00093738,2017-01-19,4.47,0.0,0.0,46,52,31,0.0,0.0,0.0,0.0,0.0,0.0,0.0,0.0
750,USW00093738,2017-01-20,3.8,0.03,0.0,40,49,32,1.0,0.0,0.0,0.0,0.0,0.0,0.0,0.0
751,USW00093738,2017-01-21,3.8,0.0,0.0,47,49,46,1.0,1.0,0.0,0.0,0.0,0.0,0.0,0.0
752,USW00093738,2017-01-22,6.71,0.07,0.0,48,50,46,1.0,1.0,0.0,0.0,0.0,0.0,0.0,0.0
753,USW00093738,2017-01-23,16.55,0.74,0.0,45,50,36,1.0,0.0,0.0,0.0,0.0,0.0,0.0,0.0
754,USW00093738,2017-01-24,16.33,0.07,0.0,40,47,36,1.0,0.0,0.0,0.0,0.0,0.0,0.0,0.0
755,USW00093738,2017-01-25,8.5,0.0,0.0,49,63,42,0.0,0.0,0.0,0.0,0.0,0.0,0.0,0.0
756,USW00093738,2017-01-26,13.42,0.0,0.0,50,57,40,0.0,0.0,0.0,0.0,0.0,0.0,0.0,0.0
757,USW00093738,2017-01-27,14.32,0.0,0.0,40,41,35,0.0,0.0,0.0,0.0,0.0,0.0,0.0,0.0
758,USW00093738,2017-01-28,7.61,0.0,0.0,37,47,28,0.0,0.0,0.0,0.0,0.0,0.0,0.0,0.0
759,USW00093738,2017-01-29,4.92,0.0,0.0,36,43,30,0.0,0.0,0.0,0.0,0.0,0.0,0.0,0.0
760,USW00093738,2017-01-30,9.17,0.02,0.3,33,37,21,1.0,0.0,0.0,0.0,0.0,0.0,0.0,0.0
761,USW00093738,2017-01-31,7.38,0.0,0.0,35,54,21,0.0,0.0,0.0,0.0,0.0,0.0,0.0,0.0
762,USW00093738,2017-02-01,3.13,0.0,0.0,38,51,27,0.0,0.0,0.0,0.0,0.0,0.0,0.0,0.0
763,USW00093738,2017-02-02,8.05,0.0,0.0,42,49,33,0.0,0.0,0.0,0.0,0.0,0.0,0.0,0.0
764,USW00093738,2017-02-03,9.4,0.0,0.0,34,37,28,0.0,0.0,0.0,0.0,0.0,0.0,0.0,0.0
765,USW00093738,2017-02-04,6.04,0.0,0.0,28,39,14,0.0,0.0,0.0,0.0,0.0,0.0,0.0,0.0
766,USW00093738,2017-02-05,8.5,0.0,0.0,37,53,30,0.0,0.0,0.0,0.0,0.0,0.0,0.0,0.0
767,USW00093738,2017-02-06,4.7,0.0,0.0,43,63,25,0.0,0.0,0.0,0.0,0.0,0.0,0.0,0.0
768,USW00093738,2017-02-07,13.42,0.0,0.0,58,72,50,0.0,0.0,0.0,0.0,0.0,0.0,0.0,0.0
769,USW00093738,2017-02-08,9.4,0.0,0.0,63,71,52,0.0,0.0,0.0,0.0,0.0,0.0,0.0,0.0
770,USW00093738,2017-02-09,20.13,0.2,0.6,41,52,22,1.0,1.0,0.0,0.0,0.0,0.0,1.0,0.0
771,USW00093738,2017-02-10,10.07,0.0,0.0,26,35,20,0.0,0.0,0.0,0.0,0.0,0.0,0.0,0.0
772,USW00093738,2017-02-11,4.25,0.0,0.0,40,52,31,0.0,0.0,0.0,0.0,0.0,0.0,0.0,0.0
773,USW00093738,2017-02-12,7.38,0.05,0.0,46,53,41,1.0,0.0,0.0,0.0,0.0,0.0,0.0,0.0
774,USW00093738,2017-02-13,17.0,0.0,0.0,42,46,25,0.0,0.0,0.0,0.0,0.0,0.0,0.0,0.0
775,USW00093738,2017-02-14,4.92,0.0,0.0,33,46,22,0.0,0.0,0.0,0.0,0.0,0.0,0.0,0.0
776,USW00093738,2017-02-15,11.18,0.0,0.0,39,53,30,0.0,0.0,0.0,0.0,0.0,0.0,0.0,0.0
777,USW00093738,2017-02-16,14.76,0.0,0.0,34,39,24,0.0,0.0,0.0,0.0,0.0,0.0,0.0,0.0
778,USW00093738,2017-02-17,2.24,0.0,0.0,34,52,19,0.0,0.0,0.0,0.0,0.0,0.0,0.0,0.0
779,USW00093738,2017-02-18,4.47,0.0,0.0,44,72,25,0.0,0.0,0.0,0.0,0.0,0.0,0.0,0.0
780,USW00093738,2017-02-19,10.74,0.0,0.0,59,69,50,0.0,0.0,0.0,0.0,0.0,0.0,0.0,0.0
781,USW00093738,2017-02-20,8.05,0.0,0.0,56,65,40,0.0,0.0,0.0,0.0,0.0,0.0,0.0,0.0
782,USW00093738,2017-02-21,6.26,0.0,0.0,47,57,35,0.0,0.0,0.0,0.0,0.0,0.0,0.0,0.0
783,USW00093738,2017-02-22,4.47,0.0,0.0,51,65,44,0.0,0.0,0.0,0.0,0.0,0.0,0.0,0.0
784,USW00093738,2017-02-23,7.83,0.0,0.0,61,77,52,0.0,0.0,0.0,0.0,0.0,0.0,0.0,0.0
785,USW00093738,2017-02-24,9.62,0.0,0.0,65,77,53,0.0,0.0,0.0,0.0,0.0,0.0,0.0,0.0
786,USW00093738,2017-02-25,14.76,0.08,0.0,63,77,41,1.0,0.0,1.0,0.0,0.0,0.0,0.0,0.0
787,USW00093738,2017-02-26,10.29,0.0,0.0,41,48,26,0.0,0.0,0.0,0.0,0.0,0.0,0.0,0.0
788,USW00093738,2017-02-27,4.03,0.0,0.0,38,54,24,0.0,0.0,0.0,0.0,0.0,0.0,0.0,0.0
789,USW00093738,2017-02-28,3.58,0.38,0.0,51,67,37,1.0,0.0,0.0,0.0,0.0,0.0,0.0,0.0
790,USW00093738,2017-03-01,15.66,0.01,0.0,60,75,53,1.0,0.0,1.0,0.0,0.0,0.0,0.0,0.0
791,USW00093738,2017-03-02,19.46,0.0,0.0,51,60,30,0.0,0.0,0.0,0.0,0.0,0.0,0.0,0.0
792,USW00093738,2017-03-03,13.65,0.0,0.1,36,41,27,1.0,0.0,0.0,0.0,0.0,0.0,0.0,0.0
793,USW00093738,2017-03-04,10.07,0.0,0.0,31,42,18,0.0,0.0,0.0,0.0,0.0,0.0,0.0,0.0
794,USW00093738,2017-03-05,4.47,0.0,0.0,29,39,19,0.0,0.0,0.0,0.0,0.0,0.0,0.0,0.0
795,USW00093738,2017-03-06,2.91,0.0,0.0,37,53,24,0.0,0.0,0.0,0.0,0.0,0.0,1.0,0.0
796,USW00093738,2017-03-07,7.61,0.18,0.0,52,68,43,1.0,0.0,0.0,0.0,0.0,0.0,0.0,0.0
797,USW00093738,2017-03-08,12.75,0.01,0.0,57,66,48,0.0,0.0,0.0,0.0,0.0,0.0,0.0,0.0
798,USW00093738,2017-03-09,9.17,0.0,0.0,57,71,43,0.0,0.0,0.0,0.0,0.0,0.0,0.0,0.0
799,USW00093738,2017-03-10,15.88,0.08,0.0,45,56,28,1.0,0.0,0.0,0.0,0.0,0.0,0.0,0.0
800,USW00093738,2017-03-11,14.09,0.0,0.0,31,38,24,0.0,0.0,0.0,0.0,0.0,0.0,0.0,0.0
801,USW00093738,2017-03-12,9.17,0.0,0.0,31,41,23,0.0,0.0,0.0,0.0,0.0,0.0,0.0,0.0
802,USW00093738,2017-03-13,7.38,0.27,1.5,31,46,17,1.0,0.0,0.0,1.0,0.0,0.0,0.0,0.0
803,USW00093738,2017-03-14,21.7,0.84,4.1,32,37,22,1.0,0.0,0.0,1.0,0.0,1.0,0.0,0.0
804,USW00093738,2017-03-15,21.92,0.0,0.0,25,31,19,0.0,0.0,0.0,0.0,0.0,0.0,0.0,0.0
805,USW00093738,2017-03-16,12.3,0.0,0.0,30,39,23,0.0,0.0,0.0,0.0,0.0,0.0,0.0,0.0
806,USW00093738,2017-03-17,4.92,0.03,0.0,34,50,20,0.0,0.0,0.0,0.0,0.0,0.0,0.0,0.0
807,USW00093738,2017-03-18,5.59,0.34,0.0,44,57,36,1.0,0.0,0.0,0.0,0.0,0.0,0.0,0.0
808,USW00093738,2017-03-19,11.41,0.09,0.0,41,51,34,1.0,0.0,0.0,0.0,0.0,0.0,0.0,0.0
809,USW00093738,2017-03-20,4.92,0.0,0.0,43,54,31,0.0,0.0,0.0,0.0,0.0,0.0,0.0,0.0
810,USW00093738,2017-03-21,6.93,0.01,0.0,50,62,44,0.0,0.0,0.0,0.0,0.0,0.0,0.0,0.0
811,USW00093738,2017-03-22,16.11,0.0,0.0,48,59,33,0.0,0.0,0.0,0.0,0.0,0.0,0.0,0.0
812,USW00093738,2017-03-23,4.47,0.0,0.0,36,48,21,0.0,0.0,0.0,0.0,0.0,0.0,0.0,0.0
813,USW00093738,2017-03-24,10.74,0.14,0.0,42,62,33,1.0,0.0,0.0,0.0,0.0,0.0,0.0,0.0
814,USW00093738,2017-03-25,6.71,0.0,0.0,64,78,55,0.0,0.0,0.0,0.0,0.0,0.0,0.0,0.0
815,USW00093738,2017-03-26,8.5,0.02,0.0,53,62,46,1.0,0.0,0.0,0.0,0.0,0.0,0.0,0.0
816,USW00093738,2017-03-27,4.47,0.04,0.0,54,75,45,1.0,0.0,0.0,0.0,0.0,0.0,1.0,0.0
817,USW00093738,2017-03-28,5.37,0.51,0.0,62,71,53,1.0,0.0,1.0,0.0,0.0,0.0,0.0,0.0
818,USW00093738,2017-03-29,9.62,0.0,0.0,58,65,48,1.0,0.0,0.0,0.0,0.0,0.0,0.0,0.0
819,USW00093738,2017-03-30,8.72,0.0,0.0,50,53,41,0.0,0.0,1.0,0.0,0.0,0.0,0.0,0.0
820,USW00093738,2017-03-31,8.05,1.55,0.0,46,48,43,1.0,0.0,0.0,0.0,0.0,0.0,0.0,0.0
821,USW00093738,2017-04-01,13.42,0.02,0.0,49,58,44,1.0,0.0,0.0,0.0,0.0,0.0,0.0,0.0
822,USW00093738,2017-04-02,5.59,0.0,0.0,51,64,36,0.0,0.0,0.0,0.0,0.0,0.0,0.0,0.0
823,USW00093738,2017-04-03,10.29,0.04,0.0,54,67,42,0.0,0.0,0.0,0.0,0.0,0.0,0.0,0.0
824,USW00093738,2017-04-04,12.75,0.0,0.0,65,79,56,1.0,0.0,0.0,0.0,0.0,0.0,0.0,0.0
825,USW00093738,2017-04-05,8.28,0.0,0.0,64,73,50,0.0,0.0,0.0,0.0,0.0,0.0,0.0,0.0
826,USW00093738,2017-04-06,10.29,1.57,0.0,58,62,48,1.0,0.0,1.0,0.0,1.0,0.0,0.0,0.0
827,USW00093738,2017-04-07,19.01,0.0,0.0,46,48,39,0.0,0.0,0.0,0.0,0.0,0.0,0.0,0.0
828,USW00093738,2017-04-08,8.5,0.0,0.0,47,63,29,0.0,0.0,0.0,0.0,0.0,0.0,0.0,0.0
829,USW00093738,2017-04-09,5.37,0.0,0.0,53,72,32,0.0,0.0,0.0,0.0,0.0,0.0,0.0,0.0
830,USW00093738,2017-04-10,9.17,0.0,0.0,62,81,41,0.0,0.0,0.0,0.0,0.0,0.0,0.0,0.0
831,USW00093738,2017-04-11,6.93,0.0,0.0,71,86,57,0.0,0.0,0.0,0.0,0.0,0.0,0.0,0.0
832,USW00093738,2017-04-12,7.61,0.01,0.0,70,77,59,0.0,0.0,0.0,0.0,0.0,0.0,0.0,0.0
833,USW00093738,2017-04-13,5.59,0.0,0.0,61,69,46,0.0,0.0,0.0,0.0,0.0,0.0,1.0,0.0
834,USW00093738,2017-04-14,4.47,0.0,0.0,58,72,44,0.0,0.0,0.0,0.0,0.0,0.0,0.0,0.0
835,USW00093738,2017-04-15,6.26,0.0,0.0,62,78,52,0.0,0.0,0.0,0.0,0.0,0.0,0.0,0.0
836,USW00093738,2017-04-16,9.17,0.0,0.0,73,86,63,0.0,0.0,1.0,0.0,0.0,0.0,0.0,0.0
837,USW00093738,2017-04-17,5.82,0.1,0.0,67,71,54,1.0,0.0,0.0,0.0,0.0,0.0,0.0,0.0
838,USW00093738,2017-04-18,6.71,0.0,0.0,62,73,48,0.0,0.0,0.0,0.0,0.0,0.0,0.0,0.0
839,USW00093738,2017-04-19,8.5,0.03,0.0,56,62,49,0.0,0.0,0.0,0.0,0.0,0.0,0.0,0.0
840,USW00093738,2017-04-20,6.71,0.33,0.0,65,82,55,1.0,0.0,1.0,0.0,0.0,0.0,0.0,0.0
841,USW00093738,2017-04-21,4.47,0.0,0.0,69,84,61,1.0,0.0,0.0,0.0,0.0,0.0,0.0,0.0
842,USW00093738,2017-04-22,8.28,0.5,0.0,60,65,48,1.0,0.0,0.0,0.0,0.0,0.0,0.0,0.0
843,USW00093738,2017-04-23,5.59,0.0,0.0,52,60,45,0.0,0.0,0.0,0.0,0.0,0.0,0.0,0.0
844,USW00093738,2017-04-24,8.5,0.27,0.0,53,57,51,1.0,0.0,0.0,0.0,0.0,0.0,0.0,0.0
845,USW00093738,2017-04-25,10.07,0.17,0.0,54,59,51,1.0,0.0,0.0,0.0,0.0,0.0,0.0,0.0
846,USW00093738,2017-04-26,6.49,0.0,0.0,61,73,56,1.0,0.0,0.0,0.0,0.0,0.0,0.0,0.0
847,USW00093738,2017-04-27,7.38,0.0,0.0,66,82,54,1.0,1.0,0.0,0.0,0.0,0.0,0.0,0.0
848,USW00093738,2017-04-28,5.59,0.0,0.0,73,84,57,1.0,0.0,0.0,0.0,0.0,0.0,0.0,0.0
849,USW00093738,2017-04-29,6.26,0.0,0.0,76,89,65,0.0,0.0,1.0,0.0,0.0,0.0,0.0,0.0
850,USW00093738,2017-04-30,6.71,0.0,0.0,77,86,66,1.0,0.0,0.0,0.0,0.0,0.0,0.0,0.0
851,USW00093738,2017-05-01,14.54,0.24,0.0,75,81,70,1.0,0.0,1.0,0.0,0.0,0.0,0.0,0.0
852,USW00093738,2017-05-02,9.4,0.0,0.0,70,76,53,0.0,0.0,0.0,0.0,0.0,0.0,0.0,0.0
853,USW00093738,2017-05-03,10.74,0.0,0.0,60,63,44,0.0,0.0,0.0,0.0,0.0,0.0,0.0,0.0
854,USW00093738,2017-05-04,9.17,0.21,0.0,55,65,41,1.0,0.0,0.0,0.0,0.0,0.0,0.0,0.0
855,USW00093738,2017-05-05,12.08,1.09,0.0,63,75,56,1.0,0.0,1.0,0.0,0.0,0.0,0.0,0.0
856,USW00093738,2017-05-06,8.72,0.13,0.0,58,63,45,1.0,0.0,0.0,0.0,0.0,0.0,0.0,0.0
857,USW00093738,2017-05-07,10.51,0.0,0.0,52,62,43,0.0,0.0,0.0,0.0,0.0,0.0,0.0,0.0
858,USW00093738,2017-05-08,7.83,0.0,0.0,53,64,39,0.0,0.0,0.0,0.0,0.0,0.0,0.0,0.0
859,USW00093738,2017-05-09,3.36,0.0,0.0,52,66,36,0.0,0.0,0.0,0.0,0.0,0.0,1.0,0.0
860,USW00093738,2017-05-10,3.58,0.0,0.0,56,75,40,0.0,0.0,0.0,0.0,0.0,0.0,0.0,0.0
861,USW00093738,2017-05-11,6.04,1.73,0.0,57,59,50,1.0,0.0,1.0,0.0,0.0,0.0,0.0,0.0
862,USW00093738,2017-05-12,5.82,0.38,0.0,52,56,48,1.0,0.0,0.0,0.0,0.0,0.0,0.0,0.0
863,USW00093738,2017-05-13,7.83,0.41,0.0,51,60,44,1.0,0.0,0.0,0.0,0.0,0.0,0.0,0.0
864,USW00093738,2017-05-14,9.84,0.0,0.0,59,80,42,1.0,0.0,0.0,0.0,0.0,0.0,0.0,0.0
865,USW00093738,2017-05-15,11.41,0.0,0.0,63,75,47,0.0,0.0,0.0,0.0,0.0,0.0,1.0,0.0
866,USW00093738,2017-05-16,3.13,0.0,0.0,64,81,44,0.0,0.0,0.0,0.0,0.0,0.0,0.0,0.0
867,USW00093738,2017-05-17,6.71,0.0,0.0,74,92,57,0.0,0.0,0.0,0.0,0.0,0.0,0.0,0.0
868,USW00093738,2017-05-18,8.5,0.61,0.0,80,90,67,1.0,0.0,1.0,0.0,0.0,0.0,0.0,0.0
869,USW00093738,2017-05-19,5.59,0.05,0.0,76,90,66,1.0,0.0,1.0,0.0,0.0,0.0,0.0,0.0
870,USW00093738,2017-05-20,7.83,0.0,0.0,69,71,60,0.0,0.0,0.0,0.0,0.0,0.0,0.0,0.0
871,USW00093738,2017-05-21,6.71,0.0,0.0,62,67,57,0.0,0.0,0.0,0.0,0.0,0.0,0.0,0.0
872,USW00093738,2017-05-22,2.91,0.51,0.0,63,73,57,1.0,0.0,0.0,0.0,0.0,0.0,0.0,0.0
873,USW00093738,2017-05-23,5.59,0.12,0.0,62,65,55,1.0,0.0,0.0,0.0,0.0,0.0,0.0,0.0
874,USW00093738,2017-05-24,7.83,0.34,0.0,60,65,57,1.0,0.0,0.0,0.0,0.0,0.0,0.0,0.0
875,USW00093738,2017-05-25,6.49,0.79,0.0,61,73,55,1.0,0.0,1.0,0.0,0.0,0.0,0.0,0.0
876,USW00093738,2017-05-26,9.4,0.0,0.0,63,76,53,1.0,0.0,0.0,0.0,0.0,0.0,0.0,0.0
877,USW00093738,2017-05-27,2.68,0.01,0.0,64,72,55,0.0,0.0,0.0,0.0,0.0,0.0,0.0,0.0
878,USW00093738,2017-05-28,4.03,0.17,0.0,65,74,57,1.0,0.0,0.0,0.0,0.0,0.0,0.0,0.0
879,USW00093738,2017-05-29,5.82,0.0,0.0,70,82,63,1.0,1.0,1.0,0.0,0.0,0.0,0.0,0.0
880,USW00093738,2017-05-30,7.83,1.1,0.0,67,73,62,1.0,0.0,1.0,0.0,0.0,0.0,1.0,0.0
881,USW00093738,2017-05-31,3.58,0.6,0.0,69,83,59,1.0,1.0,1.0,0.0,0.0,0.0,0.0,0.0
882,USW00093738,2017-06-01,6.71,0.0,0.0,69,82,57,1.0,0.0,0.0,0.0,0.0,0.0,0.0,0.0
883,USW00093738,2017-06-02,6.04,0.0,0.0,68,80,52,0.0,0.0,0.0,0.0,0.0,0.0,0.0,0.0
884,USW00093738,2017-06-03,6.71,0.0,0.0,68,84,52,0.0,0.0,0.0,0.0,0.0,0.0,0.0,0.0
885,USW00093738,2017-06-04,6.49,0.0,0.0,71,86,55,0.0,0.0,0.0,0.0,0.0,0.0,0.0,0.0
886,USW00093738,2017-06-05,4.25,0.18,0.0,72,73,64,1.0,0.0,1.0,0.0,0.0,0.0,0.0,0.0
887,USW00093738,2017-06-06,9.84,0.0,0.0,69,77,59,1.0,0.0,0.0,0.0,0.0,0.0,0.0,0.0
888,USW00093738,2017-06-07,5.59,0.0,0.0,62,69,53,0.0,0.0,0.0,0.0,0.0,0.0,0.0,0.0
889,USW00093738,2017-06-08,5.37,0.0,0.0,62,75,50,0.0,0.0,0.0,0.0,0.0,0.0,0.0,0.0
890,USW00093738,2017-06-09,5.82,0.0,0.0,67,80,52,0.0,0.0,0.0,0.0,0.0,0.0,0.0,0.0
891,USW00093738,2017-06-10,4.47,0.0,0.0,73,87,60,0.0,0.0,0.0,0.0,0.0,0.0,0.0,0.0
892,USW00093738,2017-06-11,5.37,0.0,0.0,79,91,64,0.0,0.0,0.0,0.0,0.0,0.0,0.0,0.0
893,USW00093738,2017-06-12,4.47,0.0,0.0,80,91,65,0.0,0.0,0.0,0.0,0.0,0.0,0.0,0.0
894,USW00093738,2017-06-13,3.8,0.0,0.0,82,95,68,0.0,0.0,0.0,0.0,0.0,0.0,0.0,0.0
895,USW00093738,2017-06-14,7.16,0.0,0.0,82,90,72,0.0,0.0,1.0,0.0,0.0,0.0,0.0,0.0
896,USW00093738,2017-06-15,6.49,0.0,0.0,77,85,69,0.0,0.0,0.0,0.0,0.0,0.0,0.0,0.0
897,USW00093738,2017-06-16,4.25,0.06,0.0,74,80,68,1.0,0.0,0.0,0.0,0.0,0.0,0.0,0.0
898,USW00093738,2017-06-17,6.04,0.0,0.0,76,86,70,1.0,0.0,0.0,0.0,0.0,0.0,0.0,0.0
899,USW00093738,2017-06-18,12.3,0.0,0.0,80,91,73,0.0,0.0,0.0,0.0,0.0,0.0,0.0,0.0
900,USW00093738,2017-06-19,11.41,0.62,0.0,80,87,70,1.0,0.0,1.0,0.0,0.0,0.0,0.0,0.0
901,USW00093738,2017-06-20,7.61,0.0,0.0,75,86,63,1.0,0.0,0.0,0.0,0.0,0.0,0.0,0.0
902,USW00093738,2017-06-21,5.59,0.0,0.0,77,88,64,0.0,0.0,0.0,0.0,0.0,0.0,0.0,0.0
903,USW00093738,2017-06-22,5.14,0.0,0.0,78,86,66,0.0,0.0,0.0,0.0,0.0,0.0,0.0,0.0
904,USW00093738,2017-06-23,12.3,0.15,0.0,78,87,71,1.0,0.0,1.0,0.0,0.0,0.0,0.0,0.0
905,USW00093738,2017-06-24,8.72,0.27,0.0,79,86,66,1.0,0.0,0.0,0.0,0.0,0.0,0.0,0.0
906,USW00093738,2017-06-25,6.71,0.0,0.0,74,85,62,0.0,0.0,0.0,0.0,0.0,0.0,0.0,0.0
907,USW00093738,2017-06-26,6.71,0.0,0.0,72,81,56,0.0,0.0,0.0,0.0,0.0,0.0,0.0,0.0
908,USW00093738,2017-06-27,6.04,0.0,0.0,72,80,57,0.0,0.0,0.0,0.0,0.0,0.0,0.0,0.0
909,USW00093738,2017-06-28,4.7,0.0,0.0,68,80,50,0.0,0.0,0.0,0.0,0.0,0.0,0.0,0.0
910,USW00093738,2017-06-29,10.07,0.0,0.0,74,89,60,0.0,0.0,0.0,0.0,0.0,0.0,0.0,0.0
911,USW00093738,2017-06-30,11.63,0.0,0.0,80,92,70,0.0,0.0,0.0,0.0,0.0,0.0,0.0,0.0
912,USW00093738,2017-07-01,8.72,0.21,0.0,81,91,72,1.0,0.0,1.0,0.0,0.0,0.0,0.0,0.0
913,USW00093738,2017-07-02,4.92,0.0,0.0,81,90,70,0.0,0.0,0.0,0.0,0.0,0.0,0.0,0.0
914,USW00093738,2017-07-03,4.25,0.0,0.0,80,90,66,0.0,0.0,0.0,0.0,0.0,0.0,0.0,0.0
915,USW00093738,2017-07-04,4.47,0.0,0.0,78,90,68,1.0,0.0,1.0,0.0,0.0,0.0,0.0,0.0
916,USW00093738,2017-07-05,6.04,1.16,0.0,77,84,70,1.0,0.0,1.0,0.0,0.0,0.0,0.0,0.0
917,USW00093738,2017-07-06,5.37,1.68,0.0,73,80,71,1.0,0.0,1.0,0.0,0.0,0.0,0.0,0.0
918,USW00093738,2017-07-07,6.04,0.1,0.0,77,88,67,1.0,0.0,1.0,0.0,0.0,0.0,1.0,0.0
919,USW00093738,2017-07-08,6.71,0.0,0.0,76,87,66,0.0,0.0,1.0,0.0,0.0,0.0,0.0,0.0
920,USW00093738,2017-07-09,4.7,0.0,0.0,74,83,62,0.0,0.0,0.0,0.0,0.0,0.0,0.0,0.0
921,USW00093738,2017-07-10,4.92,0.0,0.0,76,89,63,0.0,0.0,1.0,0.0,0.0,0.0,0.0,0.0
922,USW00093738,2017-07-11,4.92,0.01,0.0,79,89,68,0.0,0.0,1.0,0.0,0.0,0.0,0.0,0.0
923,USW00093738,2017-07-12,4.92,0.0,0.0,81,93,71,0.0,0.0,0.0,0.0,0.0,0.0,0.0,0.0
924,USW00093738,2017-07-13,5.82,0.0,0.0,83,94,71,0.0,0.0,0.0,0.0,0.0,0.0,0.0,0.0
925,USW00093738,2017-07-14,4.25,0.73,0.0,82,94,72,1.0,0.0,1.0,0.0,0.0,0.0,0.0,0.0
926,USW00093738,2017-07-15,8.28,0.0,0.0,78,87,69,0.0,0.0,0.0,0.0,0.0,0.0,0.0,0.0
927,USW00093738,2017-07-16,3.58,0.0,0.0,76,87,63,0.0,0.0,0.0,0.0,0.0,0.0,0.0,0.0
928,USW00093738,2017-07-17,6.04,0.0,0.0,80,89,71,0.0,0.0,0.0,0.0,0.0,0.0,0.0,0.0
929,USW00093738,2017-07-18,4.03,1.66,0.0,80,92,71,0.0,0.0,1.0,0.0,1.0,0.0,0.0,0.0
930,USW00093738,2017-07-19,2.91,0.0,0.0,80,93,70,1.0,0.0,0.0,0.0,0.0,0.0,0.0,0.0
931,USW00093738,2017-07-20,4.47,0.0,0.0,83,93,72,1.0,0.0,0.0,0.0,0.0,0.0,0.0,0.0
932,USW00093738,2017-07-21,4.47,0.0,0.0,84,93,73,0.0,0.0,0.0,0.0,0.0,0.0,0.0,0.0
933,USW00093738,2017-07-22,4.47,0.72,0.0,80,90,72,1.0,0.0,1.0,0.0,0.0,0.0,0.0,0.0
934,USW00093738,2017-07-23,5.37,0.84,0.0,77,87,72,1.0,0.0,1.0,0.0,0.0,0.0,0.0,0.0
935,USW00093738,2017-07-24,5.82,0.0,0.0,79,90,73,1.0,0.0,0.0,0.0,0.0,0.0,0.0,0.0
936,USW00093738,2017-07-25,9.17,0.0,0.0,75,79,63,0.0,0.0,0.0,0.0,0.0,0.0,0.0,0.0
937,USW00093738,2017-07-26,4.03,0.0,0.0,72,84,61,0.0,0.0,0.0,0.0,0.0,0.0,0.0,0.0
938,USW00093738,2017-07-27,4.47,0.07,0.0,76,87,69,1.0,0.0,1.0,0.0,0.0,0.0,0.0,0.0
939,USW00093738,2017-07-28,6.71,1.46,0.0,74,78,69,1.0,0.0,1.0,0.0,0.0,0.0,0.0,0.0
940,USW00093738,2017-07-29,11.41,0.16,0.0,70,77,63,1.0,0.0,0.0,0.0,0.0,0.0,0.0,0.0
941,USW00093738,2017-07-30,6.71,0.0,0.0,71,82,57,0.0,0.0,0.0,0.0,0.0,0.0,0.0,0.0
942,USW00093738,2017-07-31,2.91,0.0,0.0,72,88,57,0.0,0.0,0.0,0.0,0.0,0.0,0.0,0.0
943,USW00093738,2017-08-01,3.8,0.0,0.0,76,89,62,0.0,0.0,0.0,0.0,0.0,0.0,0.0,0.0
944,USW00093738,2017-08-02,3.58,0.0,0.0,78,89,68,0.0,0.0,0.0,0.0,0.0,0.0,0.0,0.0
945,USW00093738,2017-08-03,4.47,0.09,0.0,77,88,68,0.0,0.0,1.0,0.0,0.0,0.0,0.0,0.0
946,USW00093738,2017-08-04,6.71,0.0,0.0,76,88,65,1.0,0.0,0.0,0.0,0.0,0.0,0.0,0.0
947,USW00093738,2017-08-05,10.29,0.0,0.0,75,79,62,0.0,0.0,0.0,0.0,0.0,0.0,0.0,0.0
948,USW00093738,2017-08-06,2.24,0.0,0.0,69,80,58,0.0,0.0,0.0,0.0,0.0,0.0,1.0,0.0
949,USW00093738,2017-08-07,5.37,0.77,0.0,71,74,68,1.0,0.0,0.0,0.0,0.0,0.0,0.0,0.0
950,USW00093738,2017-08-08,6.93,0.0,0.0,72,80,63,1.0,0.0,0.0,0.0,0.0,0.0,0.0,0.0
951,USW00093738,2017-08-09,3.8,0.0,0.0,71,84,55,0.0,0.0,0.0,0.0,0.0,0.0,0.0,0.0
952,USW00093738,2017-08-10,3.58,0.0,0.0,71,83,59,0.0,0.0,0.0,0.0,0.0,0.0,0.0,0.0
953,USW00093738,2017-08-11,6.04,1.09,0.0,73,83,67,1.0,0.0,1.0,0.0,0.0,0.0,0.0,0.0
954,USW00093738,2017-08-12,2.01,0.09,0.0,73,84,68,1.0,1.0,1.0,0.0,0.0,0.0,0.0,0.0
955,USW00093738,2017-08-13,4.92,0.0,0.0,73,83,65,0.0,0.0,0.0,0.0,0.0,0.0,0.0,0.0
956,USW00093738,2017-08-14,2.01,0.0,0.0,70,77,62,0.0,0.0,0.0,0.0,0.0,0.0,0.0,0.0
957,USW00093738,2017-08-15,3.58,0.38,0.0,73,80,67,1.0,0.0,0.0,0.0,0.0,0.0,0.0,0.0
958,USW00093738,2017-08-16,3.36,0.0,0.0,76,89,65,1.0,0.0,0.0,0.0,0.0,0.0,0.0,0.0
959,USW00093738,2017-08-17,5.37,0.0,0.0,78,89,68,1.0,0.0,1.0,0.0,0.0,0.0,0.0,0.0
960,USW00093738,2017-08-18,7.61,0.69,0.0,81,93,75,1.0,0.0,1.0,0.0,0.0,0.0,0.0,0.0
961,USW00093738,2017-08-19,5.14,0.01,0.0,80,88,66,0.0,0.0,1.0,0.0,0.0,0.0,0.0,0.0
962,USW00093738,2017-08-20,4.92,0.0,0.0,75,86,67,0.0,0.0,0.0,0.0,0.0,0.0,0.0,0.0
963,USW00093738,2017-08-21,5.14,0.0,0.0,78,89,69,0.0,0.0,0.0,0.0,0.0,0.0,0.0,0.0
964,USW00093738,2017-08-22,8.05,0.0,0.0,79,91,71,0.0,0.0,1.0,0.0,0.0,0.0,0.0,0.0
965,USW00093738,2017-08-23,7.38,0.0,0.0,79,83,67,0.0,0.0,0.0,0.0,0.0,0.0,0.0,0.0
966,USW00093738,2017-08-24,5.37,0.0,0.0,72,81,61,0.0,0.0,1.0,0.0,0.0,0.0,0.0,0.0
967,USW00093738,2017-08-25,6.04,0.0,0.0,70,78,61,0.0,0.0,0.0,0.0,0.0,0.0,0.0,0.0
968,USW00093738,2017-08-26,3.58,0.0,0.0,69,79,59,0.0,0.0,0.0,0.0,0.0,0.0,0.0,0.0
969,USW00093738,2017-08-27,5.14,0.0,0.0,67,77,57,0.0,0.0,0.0,0.0,0.0,0.0,0.0,0.0
970,USW00093738,2017-08-28,6.71,0.0,0.0,66,76,54,0.0,0.0,0.0,0.0,0.0,0.0,0.0,0.0
971,USW00093738,2017-08-29,8.05,0.71,0.0,65,67,61,1.0,0.0,0.0,0.0,0.0,0.0,0.0,0.0
972,USW00093738,2017-08-30,4.92,0.0,0.0,67,78,59,0.0,0.0,0.0,0.0,0.0,0.0,0.0,0.0
973,USW00093738,2017-08-31,4.7,0.0,0.0,71,84,60,0.0,0.0,0.0,0.0,0.0,0.0,0.0,0.0
974,USW00093738,2017-09-01,6.93,0.0,0.0,65,69,58,0.0,0.0,0.0,0.0,0.0,0.0,0.0,0.0
975,USW00093738,2017-09-02,5.82,0.66,0.0,58,61,53,1.0,0.0,0.0,0.0,0.0,0.0,0.0,0.0
976,USW00093738,2017-09-03,5.37,0.0,0.0,66,78,59,1.0,0.0,0.0,0.0,0.0,0.0,0.0,0.0
977,USW00093738,2017-09-04,7.61,0.0,0.0,68,82,55,0.0,0.0,0.0,0.0,0.0,0.0,0.0,0.0
978,USW00093738,2017-09-05,7.61,0.32,0.0,74,86,65,1.0,0.0,1.0,0.0,0.0,0.0,0.0,0.0
979,USW00093738,2017-09-06,4.47,0.65,0.0,65,68,59,1.0,0.0,0.0,0.0,0.0,0.0,0.0,0.0
980,USW00093738,2017-09-07,6.04,0.0,0.0,63,72,50,1.0,1.0,0.0,0.0,0.0,0.0,0.0,0.0
981,USW00093738,2017-09-08,5.37,0.0,0.0,62,76,48,0.0,0.0,0.0,0.0,0.0,0.0,0.0,0.0
982,USW00093738,2017-09-09,7.16,0.0,0.0,62,71,50,0.0,0.0,0.0,0.0,0.0,0.0,0.0,0.0
983,USW00093738,2017-09-10,5.59,0.0,0.0,60,72,47,0.0,0.0,0.0,0.0,0.0,0.0,0.0,0.0
984,USW00093738,2017-09-11,4.25,0.0,0.0,60,72,49,0.0,0.0,0.0,0.0,0.0,0.0,0.0,0.0
985,USW00093738,2017-09-12,3.8,0.0,0.0,65,77,57,0.0,0.0,0.0,0.0,0.0,0.0,0.0,0.0
986,USW00093738,2017-09-13,4.03,0.09,0.0,69,78,62,1.0,0.0,0.0,0.0,0.0,0.0,0.0,0.0
987,USW00093738,2017-09-14,4.25,0.03,0.0,71,80,65,0.0,0.0,0.0,0.0,0.0,0.0,0.0,0.0
988,USW00093738,2017-09-15,4.7,0.0,0.0,72,82,62,1.0,0.0,0.0,0.0,0.0,0.0,0.0,0.0
989,USW00093738,2017-09-16,2.46,0.0,0.0,71,84,59,1.0,0.0,0.0,0.0,0.0,0.0,0.0,0.0
990,USW00093738,2017-09-17,3.36,0.0,0.0,72,83,62,1.0,0.0,0.0,0.0,0.0,0.0,0.0,0.0
991,USW00093738,2017-09-18,5.82,0.0,0.0,71,80,62,1.0,0.0,0.0,0.0,0.0,0.0,0.0,0.0
992,USW00093738,2017-09-19,8.5,0.0,0.0,72,82,65,0.0,0.0,0.0,0.0,0.0,0.0,0.0,0.0
993,USW00093738,2017-09-20,5.14,0.0,0.0,74,87,61,0.0,0.0,0.0,0.0,0.0,0.0,0.0,0.0
994,USW00093738,2017-09-21,3.36,0.0,0.0,71,85,60,1.0,0.0,0.0,0.0,0.0,0.0,0.0,0.0
995,USW00093738,2017-09-22,4.47,0.0,0.0,73,83,61,1.0,0.0,0.0,0.0,0.0,0.0,0.0,0.0
996,USW00093738,2017-09-23,4.03,0.0,0.0,71,86,58,1.0,0.0,0.0,0.0,0.0,0.0,0.0,0.0
997,USW00093738,2017-09-24,4.03,0.0,0.0,73,89,60,0.0,0.0,0.0,0.0,0.0,0.0,0.0,0.0
998,USW00093738,2017-09-25,4.03,0.0,0.0,75,89,64,0.0,0.0,0.0,0.0,0.0,0.0,0.0,0.0
999,USW00093738,2017-09-26,5.37,0.0,0.0,75,85,66,0.0,0.0,0.0,0.0,0.0,0.0,0.0,0.0
1000,USW00093738,2017-09-27,7.83,0.0,0.0,77,89,68,0.0,0.0,0.0,0.0,0.0,0.0,0.0,0.0
1001,USW00093738,2017-09-28,12.97,0.0,0.0,75,79,62,0.0,0.0,0.0,0.0,0.0,0.0,0.0,0.0
1002,USW00093738,2017-09-29,4.47,0.0,0.0,64,73,49,0.0,0.0,0.0,0.0,0.0,0.0,0.0,0.0
1003,USW00093738,2017-09-30,13.42,0.0,0.0,61,67,51,0.0,0.0,0.0,0.0,0.0,0.0,0.0,0.0
1004,USW00093738,2017-10-01,3.58,0.0,0.0,56,69,44,0.0,0.0,0.0,0.0,0.0,0.0,0.0,0.0
1005,USW00093738,2017-10-02,1.34,0.0,0.0,56,74,40,0.0,0.0,0.0,0.0,0.0,0.0,0.0,0.0
1006,USW00093738,2017-10-03,2.91,0.0,0.0,59,74,44,0.0,0.0,0.0,0.0,0.0,0.0,0.0,0.0
1007,USW00093738,2017-10-04,4.7,0.0,0.0,61,79,44,1.0,0.0,0.0,0.0,0.0,0.0,0.0,0.0
1008,USW00093738,2017-10-05,3.8,0.0,0.0,66,85,51,0.0,0.0,1.0,0.0,0.0,0.0,0.0,0.0
1009,USW00093738,2017-10-06,2.68,0.0,0.0,71,85,57,0.0,0.0,0.0,0.0,0.0,0.0,0.0,0.0
1010,USW00093738,2017-10-07,8.95,0.0,0.0,72,85,56,0.0,0.0,0.0,0.0,0.0,0.0,1.0,0.0
1011,USW00093738,2017-10-08,8.5,0.09,0.0,77,83,73,1.0,0.0,0.0,0.0,0.0,0.0,0.0,0.0
1012,USW00093738,2017-10-09,10.51,0.52,0.0,77,87,69,1.0,0.0,0.0,0.0,0.0,0.0,0.0,0.0
1013,USW00093738,2017-10-10,2.68,0.0,0.0,75,87,64,1.0,0.0,0.0,0.0,0.0,0.0,0.0,0.0
1014,USW00093738,2017-10-11,6.71,0.79,0.0,73,75,65,1.0,0.0,0.0,0.0,0.0,0.0,0.0,0.0
1015,USW00093738,2017-10-12,9.4,0.0,0.0,65,66,58,1.0,0.0,0.0,0.0,0.0,0.0,0.0,0.0
1016,USW00093738,2017-10-13,5.82,0.0,0.0,60,64,58,1.0,0.0,0.0,0.0,0.0,0.0,0.0,0.0
1017,USW00093738,2017-10-14,4.03,0.0,0.0,64,73,61,1.0,0.0,0.0,0.0,0.0,0.0,0.0,0.0
1018,USW00093738,2017-10-15,9.62,0.0,0.0,67,79,61,1.0,0.0,0.0,0.0,0.0,0.0,0.0,0.0
1019,USW00093738,2017-10-16,12.97,0.08,0.0,63,70,48,1.0,0.0,0.0,0.0,0.0,0.0,0.0,0.0
1020,USW00093738,2017-10-17,3.8,0.0,0.0,51,63,36,0.0,0.0,0.0,0.0,0.0,0.0,0.0,0.0
1021,USW00093738,2017-10-18,2.91,0.0,0.0,51,70,36,0.0,0.0,0.0,0.0,0.0,0.0,0.0,0.0
1022,USW00093738,2017-10-19,3.13,0.0,0.0,55,73,37,0.0,0.0,0.0,0.0,0.0,0.0,0.0,0.0
1023,USW00093738,2017-10-20,3.58,0.0,0.0,58,76,44,1.0,0.0,0.0,0.0,0.0,0.0,0.0,0.0
1024,USW00093738,2017-10-21,1.34,0.0,0.0,58,77,42,1.0,0.0,0.0,0.0,0.0,0.0,0.0,0.0
1025,USW00093738,2017-10-22,4.03,0.0,0.0,59,75,44,0.0,0.0,0.0,0.0,0.0,0.0,0.0,0.0
1026,USW00093738,2017-10-23,9.62,0.03,0.0,64,75,51,1.0,1.0,0.0,0.0,0.0,0.0,0.0,0.0
1027,USW00093738,2017-10-24,9.17,0.5,0.0,65,71,54,1.0,0.0,0.0,0.0,0.0,0.0,0.0,0.0
1028,USW00093738,2017-10-25,8.28,0.0,0.0,58,64,50,0.0,0.0,0.0,0.0,0.0,0.0,0.0,0.0
1029,USW00093738,2017-10-26,9.4,0.0,0.0,52,59,37,0.0,0.0,0.0,0.0,0.0,0.0,0.0,0.0
1030,USW00093738,2017-10-27,4.47,0.0,0.0,48,67,33,0.0,0.0,0.0,0.0,0.0,0.0,0.0,0.0
1031,USW00093738,2017-10-28,10.07,0.0,0.0,58,71,48,0.0,0.0,0.0,0.0,0.0,0.0,0.0,0.0
1032,USW00093738,2017-10-29,11.41,1.03,0.0,60,66,43,1.0,0.0,0.0,0.0,0.0,0.0,0.0,0.0
1033,USW00093738,2017-10-30,14.76,0.11,0.0,48,59,43,1.0,0.0,0.0,0.0,0.0,0.0,0.0,0.0
1034,USW00093738,2017-10-31,4.47,0.0,0.0,48,60,36,0.0,0.0,0.0,0.0,0.0,0.0,0.0,0.0
1035,USW00093738,2017-11-01,3.8,0.0,0.0,46,56,37,0.0,0.0,0.0,0.0,0.0,0.0,0.0,0.0
1036,USW00093738,2017-11-02,4.92,0.0,0.0,56,76,43,0.0,0.0,0.0,0.0,0.0,0.0,0.0,0.0
1037,USW00093738,2017-11-03,6.71,0.0,0.0,64,77,54,1.0,0.0,0.0,0.0,0.0,0.0,0.0,0.0
1038,USW00093738,2017-11-04,5.37,0.6,0.0,54,57,46,1.0,0.0,0.0,0.0,0.0,0.0,0.0,0.0
1039,USW00093738,2017-11-05,5.59,0.1,0.0,53,60,50,1.0,0.0,0.0,0.0,0.0,0.0,0.0,0.0
1040,USW00093738,2017-11-06,9.62,0.0,0.0,62,72,51,0.0,0.0,0.0,0.0,0.0,0.0,0.0,0.0
1041,USW00093738,2017-11-07,11.18,0.92,0.0,47,51,39,1.0,0.0,0.0,0.0,0.0,0.0,0.0,0.0
1042,USW00093738,2017-11-08,9.17,0.0,0.0,42,48,39,0.0,0.0,0.0,0.0,0.0,0.0,0.0,0.0
1043,USW00093738,2017-11-09,3.8,0.04,0.0,45,50,42,1.0,1.0,0.0,0.0,0.0,0.0,0.0,0.0
1044,USW00093738,2017-11-10,12.75,0.0,0.0,42,46,29,1.0,1.0,0.0,0.0,0.0,0.0,0.0,0.0
1045,USW00093738,2017-11-11,3.8,0.0,0.0,30,37,21,0.0,0.0,0.0,0.0,0.0,0.0,0.0,0.0
1046,USW00093738,2017-11-12,2.24,0.03,0.0,33,47,23,0.0,0.0,0.0,0.0,0.0,0.0,0.0,0.0
1047,USW00093738,2017-11-13,4.92,0.17,0.0,42,50,36,1.0,0.0,0.0,0.0,0.0,0.0,1.0,0.0
1048,USW00093738,2017-11-14,6.26,0.0,0.0,43,49,34,0.0,0.0,0.0,0.0,0.0,0.0,0.0,0.0
1049,USW00093738,2017-11-15,4.03,0.0,0.0,41,54,27,0.0,0.0,0.0,0.0,0.0,0.0,0.0,0.0
1050,USW00093738,2017-11-16,11.41,0.0,0.0,49,62,39,0.0,0.0,0.0,0.0,0.0,0.0,0.0,0.0
1051,USW00093738,2017-11-17,7.16,0.0,0.0,45,53,29,0.0,0.0,0.0,0.0,0.0,0.0,0.0,0.0
1052,USW00093738,2017-11-18,12.53,0.01,0.0,43,62,31,0.0,0.0,0.0,0.0,0.0,0.0,0.0,0.0
1053,USW00093738,2017-11-19,17.67,0.09,0.0,52,60,40,1.0,0.0,0.0,0.0,0.0,0.0,0.0,0.0
1054,USW00093738,2017-11-20,10.07,0.0,0.0,42,51,35,0.0,0.0,0.0,0.0,0.0,0.0,0.0,0.0
1055,USW00093738,2017-11-21,10.07,0.0,0.0,44,60,34,0.0,0.0,0.0,0.0,0.0,0.0,0.0,0.0
1056,USW00093738,2017-11-22,12.3,0.0,0.0,51,56,34,0.0,0.0,0.0,0.0,0.0,0.0,0.0,0.0
1057,USW00093738,2017-11-23,4.25,0.0,0.0,35,44,25,0.0,0.0,0.0,0.0,0.0,0.0,0.0,0.0
1058,USW00093738,2017-11-24,3.8,0.0,0.0,36,55,24,0.0,0.0,0.0,0.0,0.0,0.0,0.0,0.0
1059,USW00093738,2017-11-25,4.25,0.0,0.0,43,62,28,0.0,0.0,0.0,0.0,0.0,0.0,0.0,0.0
1060,USW00093738,2017-11-26,7.38,0.0,0.0,49,53,31,0.0,0.0,0.0,0.0,0.0,0.0,0.0,0.0
1061,USW00093738,2017-11-27,4.47,0.0,0.0,44,60,30,0.0,0.0,0.0,0.0,0.0,0.0,0.0,0.0
1062,USW00093738,2017-11-28,4.92,0.0,0.0,44,63,30,0.0,0.0,0.0,0.0,0.0,0.0,0.0,0.0
1063,USW00093738,2017-11-29,5.37,0.0,0.0,50,68,32,0.0,0.0,0.0,0.0,0.0,0.0,0.0,0.0
1064,USW00093738,2017-11-30,3.58,0.03,0.0,43,57,32,1.0,0.0,0.0,0.0,0.0,0.0,0.0,0.0
1065,USW00093738,2017-12-01,5.59,0.0,0.0,47,54,29,1.0,0.0,0.0,0.0,0.0,0.0,0.0,0.0
1066,USW00093738,2017-12-02,2.46,0.0,0.0,37,52,25,0.0,0.0,0.0,0.0,0.0,0.0,0.0,0.0
1067,USW00093738,2017-12-03,3.8,0.04,0.0,43,56,30,1.0,0.0,0.0,0.0,0.0,0.0,0.0,0.0
1068,USW00093738,2017-12-04,4.25,0.0,0.0,38,55,26,1.0,0.0,0.0,0.0,0.0,0.0,0.0,0.0
1069,USW00093738,2017-12-05,7.61,0.09,0.0,50,61,43,1.0,0.0,0.0,0.0,0.0,0.0,0.0,0.0
1070,USW00093738,2017-12-06,9.17,0.0,0.0,46,54,34,0.0,0.0,0.0,0.0,0.0,0.0,0.0,0.0
1071,USW00093738,2017-12-07,4.47,0.0,0.0,40,49,30,0.0,0.0,0.0,0.0,0.0,0.0,0.0,0.0
1072,USW00093738,2017-12-08,2.91,0.0,0.0,36,39,33,0.0,0.0,0.0,0.0,0.0,0.0,0.0,0.0
1073,USW00093738,2017-12-09,3.8,0.24,4.0,33,35,25,1.0,0.0,0.0,0.0,0.0,0.0,0.0,0.0
1074,USW00093738,2017-12-10,6.04,0.0,0.0,31,40,25,1.0,0.0,0.0,0.0,0.0,0.0,0.0,0.0
1075,USW00093738,2017-12-11,5.59,0.0,0.0,37,48,30,0.0,0.0,0.0,0.0,0.0,0.0,0.0,0.0
1076,USW00093738,2017-12-12,14.99,0.0,0.0,40,46,22,0.0,0.0,0.0,0.0,0.0,0.0,0.0,0.0
1077,USW00093738,2017-12-13,13.42,0.0,0.0,26,34,20,0.0,0.0,0.0,0.0,0.0,0.0,0.0,0.0
1078,USW00093738,2017-12-14,11.63,0.0,0.0,34,40,26,0.0,0.0,0.0,0.0,0.0,0.0,0.0,0.0
1079,USW00093738,2017-12-15,3.36,0.02,0.2,27,29,20,1.0,0.0,0.0,0.0,0.0,0.0,1.0,0.0
1080,USW00093738,2017-12-16,7.83,0.0,0.0,31,46,23,0.0,0.0,0.0,0.0,0.0,0.0,0.0,0.0
1081,USW00093738,2017-12-17,1.79,0.0,0.0,35,51,23,0.0,0.0,0.0,0.0,0.0,0.0,0.0,0.0
1082,USW00093738,2017-12-18,2.24,0.0,0.0,43,57,28,1.0,0.0,0.0,0.0,0.0,0.0,0.0,0.0
1083,USW00093738,2017-12-19,4.03,0.0,0.0,47,60,34,0.0,0.0,0.0,0.0,0.0,0.0,0.0,0.0
1084,USW00093738,2017-12-20,6.26,0.0,0.0,47,53,26,0.0,0.0,0.0,0.0,0.0,0.0,0.0,0.0
1085,USW00093738,2017-12-21,2.24,0.0,0.0,33,45,21,0.0,0.0,0.0,0.0,0.0,0.0,0.0,0.0
1086,USW00093738,2017-12-22,3.8,0.01,0.0,40,52,32,0.0,0.0,0.0,0.0,0.0,0.0,0.0,0.0
1087,USW00093738,2017-12-23,10.07,0.34,0.0,49,62,39,1.0,0.0,0.0,0.0,0.0,0.0,1.0,0.0
1088,USW00093738,2017-12-24,7.16,0.0,0.0,41,43,35,0.0,0.0,0.0,0.0,0.0,0.0,0.0,0.0
1089,USW00093738,2017-12-25,14.32,0.0,0.0,35,39,26,0.0,0.0,0.0,0.0,0.0,0.0,0.0,0.0
1090,USW00093738,2017-12-26,5.82,0.0,0.0,29,37,24,0.0,0.0,0.0,0.0,0.0,0.0,0.0,0.0
1091,USW00093738,2017-12-27,10.74,0.0,0.0,28,31,17,0.0,0.0,0.0,0.0,0.0,0.0,0.0,0.0
1092,USW00093738,2017-12-28,8.72,0.0,0.0,18,23,9,0.0,0.0,0.0,0.0,0.0,0.0,0.0,0.0
1093,USW00093738,2017-12-29,4.03,0.0,0.0,19,31,10,0.0,0.0,0.0,0.0,0.0,0.0,0.0,0.0
1094,USW00093738,2017-12-30,6.71,0.03,0.4,24,32,19,1.0,0.0,0.0,0.0,0.0,0.0,0.0,0.0
1095,USW00093738,2017-12-31,9.4,0.0,0.0,18,21,10,0.0,0.0,0.0,0.0,0.0,0.0,0.0,0.0
